Reports,No Finding,Enlarged Cardiomediastinum,Cardiomegaly,Lung Lesion,Lung Opacity,Edema,Consolidation,Pneumonia,Atelectasis,Pneumothorax,Pleural Effusion,Pleural Other,Fracture,Support Devices
"no acute cardiopulmonary abnormality 
the lungs are clear bilaterally  specifically no evidence of focal consolidation pneumothorax or pleural effusion  cardiomediastinal silhouette is unremarkable",,1.0,,,,,0.0,,,0.0,0.0,,,
"no acute cardiopulmonary abnormality 
the lungs are clear bilaterally  specifically no evidence of focal consolidation pneumothorax or pleural effusion  cardio mediastinal silhouette is unremarkable  visualized osseous structures of the thorax are without acute abnormality",,1.0,,,,,0.0,,,0.0,0.0,,,
"no acute cardiopulmonary abnormality 
the lungs are clear bilaterally  specifically no evidence of focal consolidation pneumothorax or pleural effusion  cardio mediastinal silhouette is unremarkable  visualized osseous structures of the thorax are without acute abnormality",,1.0,,,,,0.0,,,0.0,0.0,,,
"no acute cardiopulmonary findings 
the cardiomediastinal silhouette and pulmonary vasculature are within normal limits in size  the lungs are clear of focal airspace disease pneumothorax or pleural effusion  there are no acute bony findings",,0.0,,,1.0,,,,,0.0,0.0,,,
"no acute cardiopulmonary abnormality 
the lungs are clear bilaterally  specifically no evidence of focal consolidation pneumothorax or pleural effusion  cardiomediastinal silhouette is unremarkable",,1.0,,,,,0.0,,,0.0,0.0,,,
"no acute cardiopulmonary abnormality 
the lungs are clear bilaterally  specifically no evidence of focal consolidation pneumothorax or pleural effusion  cardiomediastinal silhouette is unremarkable",,1.0,,,,,0.0,,,0.0,0.0,,,
"no acute cardiopulmonary findings 
the cardiomediastinal silhouette and pulmonary vasculature are within normal limits in size  the lungs are clear of focal airspace disease pneumothorax or pleural effusion  there are no acute bony findings",,0.0,,,1.0,,,,,0.0,0.0,,,
"no acute cardiopulmonary abnormality 
the lungs are clear bilaterally  specifically no evidence of focal consolidation pneumothorax or pleural effusion  cardiomediastinal silhouette is unremarkable",,1.0,,,,,0.0,,,0.0,0.0,,,
"no acute cardiopulmonary findings 
the cardiomediastinal silhouette and pulmonary vasculature are within normal limits in size  the lungs are clear of focal airspace disease pneumothorax or pleural effusion  there are no acute bony findings",,0.0,,,1.0,,,,,0.0,0.0,,,
"no acute cardiopulmonary abnormality 
the lungs are clear bilaterally  specifically no evidence of focal consolidation pneumothorax or pleural effusion  cardio mediastinal silhouette is unremarkable  visualized osseous structures of the thorax are without acute abnormality",,1.0,,,,,0.0,,,0.0,0.0,,,
"no acute cardiopulmonary abnormality 
the lungs are clear bilaterally  specifically no evidence of focal consolidation pneumothorax or pleural effusion  cardiomediastinal silhouette is unremarkable",,1.0,,,,,0.0,,,0.0,0.0,,,
"no acute cardiopulmonary abnormality 
the lungs are clear bilaterally  specifically no evidence of focal consolidation pneumothorax or pleural effusion  cardio mediastinal silhouette is unremarkable  visualized osseous structures of the thorax are without acute abnormality",,1.0,,,,,0.0,,,0.0,0.0,,,
"no acute cardiopulmonary abnormality 
the lungs are clear bilaterally  specifically no evidence of focal consolidation pneumothorax or pleural effusion  cardiomediastinal silhouette is unremarkable",,1.0,,,,,0.0,,,0.0,0.0,,,
"no acute cardiopulmonary findings 
the cardiomediastinal silhouette and pulmonary vasculature are within normal limits in size  the lungs are clear of focal airspace disease pneumothorax or pleural effusion  there are no acute bony findings",,0.0,,,1.0,,,,,0.0,0.0,,,
"no acute cardiopulmonary abnormality 
the lungs are clear bilaterally  specifically no evidence of focal consolidation pneumothorax or pleural effusion  cardiomediastinal silhouette is unremarkable",,1.0,,,,,0.0,,,0.0,0.0,,,
"no acute cardiopulmonary abnormality 
the lungs are clear bilaterally  specifically no evidence of focal consolidation pneumothorax or pleural effusion  cardiomediastinal silhouette is unremarkable",,1.0,,,,,0.0,,,0.0,0.0,,,
"no acute cardiopulmonary abnormality 
the lungs are clear bilaterally  specifically no evidence of focal consolidation pneumothorax or pleural effusion  cardio mediastinal silhouette is unremarkable  visualized osseous structures of the thorax are without acute abnormality",,1.0,,,,,0.0,,,0.0,0.0,,,
"no acute cardiopulmonary findings 
the cardiomediastinal silhouette and pulmonary vasculature are within normal limits in size  the lungs are clear of focal airspace disease pneumothorax or pleural effusion  there are no acute bony findings",,0.0,,,1.0,,,,,0.0,0.0,,,
"no acute cardiopulmonary abnormality 
the lungs are clear bilaterally  specifically no evidence of focal consolidation pneumothorax or pleural effusion  cardio mediastinal silhouette is unremarkable  visualized osseous structures of the thorax are without acute abnormality",,1.0,,,,,0.0,,,0.0,0.0,,,
"no acute cardiopulmonary findings 
the cardiomediastinal silhouette and pulmonary vasculature are within normal limits in size  the lungs are clear of focal airspace disease pneumothorax or pleural effusion  there are no acute bony findings",,0.0,,,1.0,,,,,0.0,0.0,,,
"no acute cardiopulmonary findings 
the cardiomediastinal silhouette and pulmonary vasculature are within normal limits in size  the lungs are clear of focal airspace disease pneumothorax or pleural effusion  there are no acute bony findings",,0.0,,,1.0,,,,,0.0,0.0,,,
"no acute cardiopulmonary findings 
the cardiomediastinal silhouette and pulmonary vasculature are within normal limits in size  the lungs are clear of focal airspace disease pneumothorax or pleural effusion  there are no acute bony findings",,0.0,,,1.0,,,,,0.0,0.0,,,
"no acute cardiopulmonary abnormality 
the lungs are clear bilaterally  specifically no evidence of focal consolidation pneumothorax or pleural effusion  cardio mediastinal silhouette is unremarkable  visualized osseous structures of the thoracic spine",,1.0,,,,,0.0,,,0.0,0.0,,,
"no acute cardiopulmonary abnormality 
the lungs are clear bilaterally  specifically no evidence of focal consolidation pneumothorax or pleural effusion  cardiomediastinal silhouette is unremarkable",,1.0,,,,,0.0,,,0.0,0.0,,,
"no acute cardiopulmonary findings 
the cardiomediastinal silhouette and pulmonary vasculature are within normal limits in size  the lungs are clear of focal airspace disease pneumothorax or pleural effusion  there are no acute bony findings",,0.0,,,1.0,,,,,0.0,0.0,,,
"no acute cardiopulmonary findings 
the cardiomediastinal silhouette and pulmonary vasculature are within normal limits in size  the lungs are clear of focal airspace disease pneumothorax or pleural effusion  there are no acute bony findings",,0.0,,,1.0,,,,,0.0,0.0,,,
"no acute cardiopulmonary abnormality 
the lungs are clear bilaterally  specifically no evidence of focal consolidation pneumothorax or pleural effusion  cardiomediastinal silhouette is unremarkable",,1.0,,,,,0.0,,,0.0,0.0,,,
"no acute cardiopulmonary findings 
the cardiomediastinal silhouette and pulmonary vasculature are within normal limits in size  the lungs are clear of focal airspace disease pneumothorax or pleural effusion  there are no acute bony findings",,0.0,,,1.0,,,,,0.0,0.0,,,
"no acute cardiopulmonary abnormality 
the lungs are clear bilaterally  specifically no evidence of focal consolidation pneumothorax or pleural effusion  cardio mediastinal silhouette is unremarkable  visualized osseous structures of the thorax are without acute abnormality",,1.0,,,,,0.0,,,0.0,0.0,,,
"no acute cardiopulmonary abnormality 
the lungs are clear bilaterally  specifically no evidence of focal consolidation pneumothorax or pleural effusion  cardiomediastinal silhouette is unremarkable",,1.0,,,,,0.0,,,0.0,0.0,,,
"no acute cardiopulmonary abnormality 
the lungs are clear bilaterally  specifically no evidence of focal consolidation pneumothorax or pleural effusion  cardio mediastinal silhouette is unremarkable  visualized osseous structures of the thorax are without acute abnormality",,1.0,,,,,0.0,,,0.0,0.0,,,
"right-sided pleural effusion 
there is a right-sided pleural effusion  there is a right-sided pleural effusion  there is a right-sided pneumothorax",,,,,,,,,,1.0,1.0,,,
"no acute cardiopulmonary abnormality 
the lungs are clear bilaterally  specifically no evidence of focal consolidation pneumothorax or pleural effusion  cardiomediastinal silhouette is unremarkable",,1.0,,,,,0.0,,,0.0,0.0,,,
"no acute cardiopulmonary abnormality 
the lungs are clear bilaterally  specifically no evidence of focal consolidation pneumothorax or pleural effusion  cardiomediastinal silhouette is unremarkable",,1.0,,,,,0.0,,,0.0,0.0,,,
"no acute cardiopulmonary findings 
the cardiomediastinal silhouette and pulmonary vasculature are within normal limits in size  the lungs are clear of focal airspace disease pneumothorax or pleural effusion  there are no acute bony findings",,0.0,,,1.0,,,,,0.0,0.0,,,
"no acute cardiopulmonary abnormality 
the lungs are clear bilaterally  specifically no evidence of focal consolidation pneumothorax or pleural effusion  cardiomediastinal silhouette is unremarkable",,1.0,,,,,0.0,,,0.0,0.0,,,
"no acute cardiopulmonary findings 
the cardiomediastinal silhouette and pulmonary vasculature are within normal limits in size  the lungs are clear of focal airspace disease pneumothorax or pleural effusion  there are no acute bony findings",,0.0,,,1.0,,,,,0.0,0.0,,,
"no acute cardiopulmonary findings 
the cardiomediastinal silhouette and pulmonary vasculature are within normal limits in size  the lungs are clear of focal airspace disease pneumothorax or pleural effusion  there are no acute bony findings",,0.0,,,1.0,,,,,0.0,0.0,,,
"no acute cardiopulmonary findings 
the cardiomediastinal silhouette and pulmonary vasculature are within normal limits in size  the lungs are clear of focal airspace disease pneumothorax or pleural effusion  there are no acute bony findings",,0.0,,,1.0,,,,,0.0,0.0,,,
"no acute cardiopulmonary findings 
the cardiomediastinal silhouette and pulmonary vasculature are within normal limits in size  the lungs are clear of focal airspace disease pneumothorax or pleural effusion  there are no acute bony findings",,0.0,,,1.0,,,,,0.0,0.0,,,
"no acute cardiopulmonary findings 
the cardiomediastinal silhouette and pulmonary vasculature are within normal limits in size  the lungs are clear of focal airspace disease pneumothorax or pleural effusion  there are no acute bony findings",,0.0,,,1.0,,,,,0.0,0.0,,,
"no acute cardiopulmonary abnormality 
the lungs are clear bilaterally  specifically no evidence of focal consolidation pneumothorax or pleural effusion  cardiomediastinal silhouette is unremarkable",,1.0,,,,,0.0,,,0.0,0.0,,,
"no acute cardiopulmonary abnormality 
the lungs are clear bilaterally  specifically no evidence of focal consolidation pneumothorax or pleural effusion  cardiomediastinal silhouette is unremarkable",,1.0,,,,,0.0,,,0.0,0.0,,,
"no acute cardiopulmonary abnormality 
the lungs are clear bilaterally  specifically no evidence of focal consolidation pneumothorax or pleural effusion  cardiomediastinal silhouette is unremarkable",,1.0,,,,,0.0,,,0.0,0.0,,,
"no acute cardiopulmonary abnormality 
the lungs are clear bilaterally  specifically no evidence of focal consolidation pneumothorax or pleural effusion  cardiomediastinal silhouette is unremarkable",,1.0,,,,,0.0,,,0.0,0.0,,,
"no acute cardiopulmonary abnormality 
the lungs are clear bilaterally  specifically no evidence of focal consolidation pneumothorax or pleural effusion  cardiomediastinal silhouette is unremarkable",,1.0,,,,,0.0,,,0.0,0.0,,,
"no acute cardiopulmonary abnormality 
the lungs are clear bilaterally  specifically no evidence of focal consolidation pneumothorax or pleural effusion  cardiomediastinal silhouette is unremarkable",,1.0,,,,,0.0,,,0.0,0.0,,,
"no acute cardiopulmonary findings 
the cardiomediastinal silhouette and pulmonary vasculature are within normal limits in size  the lungs are clear of focal airspace disease pneumothorax or pleural effusion  there are no acute bony findings",,0.0,,,1.0,,,,,0.0,0.0,,,
"no acute cardiopulmonary findings 
the cardiomediastinal silhouette and pulmonary vasculature are within normal limits in size  the lungs are clear of focal airspace disease pneumothorax or pleural effusion  there are no acute bony findings",,0.0,,,1.0,,,,,0.0,0.0,,,
"no acute cardiopulmonary abnormality 
the lungs are clear bilaterally  specifically no evidence of focal consolidation pneumothorax or pleural effusion  cardio mediastinal silhouette is unremarkable  visualized osseous structures of the thorax are without acute abnormality",,1.0,,,,,0.0,,,0.0,0.0,,,
"no acute cardiopulmonary abnormality 
the lungs are clear bilaterally  specifically no evidence of focal consolidation pneumothorax or pleural effusion  cardio mediastinal silhouette is unremarkable  visualized osseous structures of the thoracic spine are without acute abnormality",,1.0,,,,,0.0,,,0.0,0.0,,,
"no acute cardiopulmonary findings 
the cardiomediastinal silhouette and pulmonary vasculature are within normal limits in size  the lungs are clear of focal airspace disease pneumothorax or pleural effusion  there are no acute bony findings",,0.0,,,1.0,,,,,0.0,0.0,,,
"no acute cardiopulmonary findings 
the cardiomediastinal silhouette and pulmonary vasculature are within normal limits in size  the lungs are clear of focal airspace disease pneumothorax or pleural effusion  there are no acute bony findings",,0.0,,,1.0,,,,,0.0,0.0,,,
"no acute cardiopulmonary abnormality 
the lungs are clear bilaterally  specifically no evidence of focal consolidation pneumothorax or pleural effusion  cardiomediastinal silhouette is unremarkable",,1.0,,,,,0.0,,,0.0,0.0,,,
"no acute cardiopulmonary abnormality 
the lungs are clear bilaterally  specifically no evidence of focal consolidation pneumothorax or pleural effusion  cardiomediastinal silhouette is unremarkable",,1.0,,,,,0.0,,,0.0,0.0,,,
"no acute cardiopulmonary abnormalities 
the heart is normal in size  the mediastinum is unremarkable  the lungs are hyperinflated with flattening of the diaphragm  there is no pleural effusion or pneumothorax  there is mild elevation right hemidiaphragm",,0.0,0.0,,,,,,,1.0,0.0,,,
"no acute cardiopulmonary abnormality 
the lungs are clear bilaterally  specifically no evidence of focal consolidation pneumothorax or pleural effusion  cardiomediastinal silhouette is unremarkable",,1.0,,,,,0.0,,,0.0,0.0,,,
there is hyperinflation of the lungs  there is hyperinflation of the lungs,,,,,,,,,,,,,,
"no acute cardiopulmonary findings 
the cardiomediastinal silhouette and pulmonary vasculature are within normal limits in size  the lungs are clear of focal airspace disease pneumothorax or pleural effusion  there are no acute bony findings",,0.0,,,1.0,,,,,0.0,0.0,,,
"no acute cardiopulmonary findings 
the cardiomediastinal silhouette and pulmonary vasculature are within normal limits in size  the lungs are clear of focal airspace disease pneumothorax or pleural effusion  there are no acute bony findings",,0.0,,,1.0,,,,,0.0,0.0,,,
"no acute cardiopulmonary abnormality 
the lungs are clear bilaterally  specifically no evidence of focal consolidation pneumothorax or pleural effusion  cardio mediastinal silhouette is unremarkable  visualized osseous structures of the thorax are without acute abnormality",,1.0,,,,,0.0,,,0.0,0.0,,,
"no acute cardiopulmonary findings 
the cardiomediastinal silhouette and pulmonary vasculature are within normal limits in size  the lungs are clear of focal airspace disease pneumothorax or pleural effusion  there are no acute bony findings",,0.0,,,1.0,,,,,0.0,0.0,,,
"no acute cardiopulmonary findings 
the cardiomediastinal silhouette and pulmonary vasculature are within normal limits in size  the lungs are clear of focal airspace disease pneumothorax or pleural effusion  there are no acute bony findings",,0.0,,,1.0,,,,,0.0,0.0,,,
"no acute cardiopulmonary findings 
the cardiomediastinal silhouette and pulmonary vasculature are within normal limits in size  the lungs are clear of focal airspace disease pneumothorax or pleural effusion  there are no acute bony findings",,0.0,,,1.0,,,,,0.0,0.0,,,
"no acute cardiopulmonary abnormality 
the lungs are clear bilaterally  specifically no evidence of focal consolidation pneumothorax or pleural effusion  cardio mediastinal silhouette is unremarkable  visualized osseous structures of the thorax are without acute abnormality",,1.0,,,,,0.0,,,0.0,0.0,,,
"no acute cardiopulmonary abnormality 
the lungs are clear bilaterally  specifically no evidence of focal consolidation pneumothorax or pleural effusion  cardio mediastinal silhouette is unremarkable  visualized osseous structures of the thorax are without acute abnormality",,1.0,,,,,0.0,,,0.0,0.0,,,
"hyperexpanded lungs without acute cardiopulmonary abnormality 
there is hyperinflation of the lungs  there is hyperinflation of the lungs",,,,,,,,,,,,,,
"no acute cardiopulmonary abnormality 
the lungs are clear bilaterally  specifically no evidence of focal consolidation pneumothorax or pleural effusion  cardio mediastinal silhouette is unremarkable  visualized osseous structures of the thorax are without acute abnormality",,1.0,,,,,0.0,,,0.0,0.0,,,
"no acute cardiopulmonary findings 
the cardiomediastinal silhouette and pulmonary vasculature are within normal limits in size  the lungs are clear of focal airspace disease pneumothorax or pleural effusion  there are no acute bony findings",,0.0,,,1.0,,,,,0.0,0.0,,,
"no acute cardiopulmonary abnormality 
the lungs are clear bilaterally  specifically no evidence of focal consolidation pneumothorax or pleural effusion  cardiomediastinal silhouette is unremarkable",,1.0,,,,,0.0,,,0.0,0.0,,,
"no acute cardiopulmonary findings 
the cardiomediastinal silhouette and pulmonary vasculature are within normal limits in size  the lungs are clear of focal airspace disease pneumothorax or pleural effusion  there are no acute bony findings",,0.0,,,1.0,,,,,0.0,0.0,,,
"no acute cardiopulmonary abnormality 
the lungs are clear bilaterally  specifically no evidence of focal consolidation pneumothorax or pleural effusion  cardiomediastinal silhouette is unremarkable",,1.0,,,,,0.0,,,0.0,0.0,,,
"no acute cardiopulmonary abnormality 
the lungs are clear bilaterally  specifically no evidence of focal consolidation pneumothorax or pleural effusion  cardiomediastinal silhouette is unremarkable",,1.0,,,,,0.0,,,0.0,0.0,,,
"no acute cardiopulmonary abnormality 
the lungs are clear bilaterally  specifically no evidence of focal consolidation pneumothorax or pleural effusion  cardio mediastinal silhouette is unremarkable  visualized osseous structures of the thorax are without acute abnormality",,1.0,,,,,0.0,,,0.0,0.0,,,
"no acute cardiopulmonary abnormality 
the lungs are clear bilaterally  specifically no evidence of focal consolidation pneumothorax or pleural effusion  cardio mediastinal silhouette is unremarkable  visualized osseous structures of the thorax are without acute abnormality",,1.0,,,,,0.0,,,0.0,0.0,,,
"no acute cardiopulmonary findings 
the cardiomediastinal silhouette and pulmonary vasculature are within normal limits in size  the lungs are clear of focal airspace disease pneumothorax or pleural effusion  there are no acute bony findings",,0.0,,,1.0,,,,,0.0,0.0,,,
"no acute cardiopulmonary abnormality 
the lungs are clear bilaterally  specifically no evidence of focal consolidation pneumothorax or pleural effusion  cardiomediastinal silhouette is unremarkable",,1.0,,,,,0.0,,,0.0,0.0,,,
"no acute cardiopulmonary abnormality 
the lungs are clear bilaterally  specifically no evidence of focal consolidation pneumothorax or pleural effusion  cardio mediastinal silhouette is unremarkable  visualized osseous structures of the thorax are without acute abnormality",,1.0,,,,,0.0,,,0.0,0.0,,,
"no acute cardiopulmonary abnormality 
the lungs are clear bilaterally  specifically no evidence of focal consolidation pneumothorax or pleural effusion  cardio mediastinal silhouette is unremarkable  visualized osseous structures of the thorax are without acute abnormality",,1.0,,,,,0.0,,,0.0,0.0,,,
"no acute cardiopulmonary findings 
the cardiomediastinal silhouette and pulmonary vasculature are within normal limits in size  the lungs are clear of focal airspace disease pneumothorax or pleural effusion  there are no acute bony findings",,0.0,,,1.0,,,,,0.0,0.0,,,
"emphysema without acute disease 
the heart is normal in size  the mediastinum is unremarkable  the lungs are hyperinflated with flattening of the bilateral hemidiaphragms  there is no pleural effusion or pneumothorax",,0.0,0.0,,,,,,,-1.0,0.0,,,
"no acute cardiopulmonary findings 
the cardiomediastinal silhouette and pulmonary vasculature are within normal limits in size  the lungs are clear of focal airspace disease pneumothorax or pleural effusion  there are no acute bony findings",,0.0,,,1.0,,,,,0.0,0.0,,,
"no acute cardiopulmonary abnormality 
the lungs are clear bilaterally  specifically no evidence of focal consolidation pneumothorax or pleural effusion  cardiomediastinal silhouette is unremarkable",,1.0,,,,,0.0,,,0.0,0.0,,,
"no acute cardiopulmonary findings 
the cardiomediastinal silhouette and pulmonary vasculature are within normal limits in size  the lungs are clear of focal airspace disease pneumothorax or pleural effusion  there are no acute bony findings",,0.0,,,1.0,,,,,0.0,0.0,,,
"no acute cardiopulmonary findings 
the cardiomediastinal silhouette and pulmonary vasculature are within normal limits in size  the lungs are clear of focal airspace disease pneumothorax or pleural effusion  there are no acute bony findings",,0.0,,,1.0,,,,,0.0,0.0,,,
"no acute cardiopulmonary findings 
the cardiomediastinal silhouette and pulmonary vasculature are within normal limits in size  the lungs are clear of focal airspace disease pneumothorax or pleural effusion  there are no acute bony findings",,0.0,,,1.0,,,,,0.0,0.0,,,
"no acute cardiopulmonary findings 
the cardiomediastinal silhouette and pulmonary vasculature are within normal limits in size  the lungs are clear of focal airspace disease pneumothorax or pleural effusion  there are no acute bony findings",,0.0,,,1.0,,,,,0.0,0.0,,,
"no acute cardiopulmonary findings 
the cardiomediastinal silhouette and pulmonary vasculature are within normal limits in size  the lungs are clear of focal airspace disease pneumothorax or pleural effusion  there are no acute bony findings",,0.0,,,1.0,,,,,0.0,0.0,,,
"no acute cardiopulmonary abnormality 
the lungs are clear bilaterally  specifically no evidence of focal consolidation pneumothorax or pleural effusion  cardio mediastinal silhouette is unremarkable  visualized osseous structures of the thorax are without acute abnormality",,1.0,,,,,0.0,,,0.0,0.0,,,
"no acute cardiopulmonary findings 
the cardiomediastinal silhouette and pulmonary vasculature are within normal limits in size  the lungs are clear of focal airspace disease pneumothorax or pleural effusion  there are no acute bony findings",,0.0,,,1.0,,,,,0.0,0.0,,,
"no acute cardiopulmonary abnormality 
the lungs are clear bilaterally  specifically no evidence of focal consolidation pneumothorax or pleural effusion  cardiomediastinal silhouette is unremarkable",,1.0,,,,,0.0,,,0.0,0.0,,,
"no acute cardiopulmonary abnormality 
the lungs are clear bilaterally  specifically no evidence of focal consolidation pneumothorax or pleural effusion  cardiomediastinal silhouette is unremarkable",,1.0,,,,,0.0,,,0.0,0.0,,,
"no acute cardiopulmonary abnormality 
the lungs are clear bilaterally  specifically no evidence of focal consolidation pneumothorax or pleural effusion  cardiomediastinal silhouette is unremarkable",,1.0,,,,,0.0,,,0.0,0.0,,,
"no acute cardiopulmonary findings 
the cardiomediastinal silhouette and pulmonary vasculature are within normal limits in size  the lungs are clear of focal airspace disease pneumothorax or pleural effusion  there are no acute bony findings",,0.0,,,1.0,,,,,0.0,0.0,,,
"no acute cardiopulmonary abnormality 
the lungs are clear bilaterally  specifically no evidence of focal consolidation pneumothorax or pleural effusion  cardiomediastinal silhouette is unremarkable",,1.0,,,,,0.0,,,0.0,0.0,,,
"no acute cardiopulmonary abnormality 
the lungs are clear bilaterally  specifically no evidence of focal consolidation pneumothorax or pleural effusion  cardio mediastinal silhouette is unremarkable  visualized osseous structures of the thoracic spine are without acute abnormality",,1.0,,,,,0.0,,,0.0,0.0,,,
"no acute cardiopulmonary findings 
the cardiomediastinal silhouette and pulmonary vasculature are within normal limits in size  the lungs are clear of focal airspace disease pneumothorax or pleural effusion  there are no acute bony findings",,0.0,,,1.0,,,,,0.0,0.0,,,
"no acute cardiopulmonary abnormality 
the lungs are clear bilaterally  specifically no evidence of focal consolidation pneumothorax or pleural effusion  cardio mediastinal silhouette is unremarkable  visualized osseous structures of the thorax are without acute abnormality",,1.0,,,,,0.0,,,0.0,0.0,,,
"no acute cardiopulmonary abnormality 
the lungs are clear bilaterally  specifically no evidence of focal consolidation pneumothorax or pleural effusion  cardiomediastinal silhouette is unremarkable",,1.0,,,,,0.0,,,0.0,0.0,,,
"no acute cardiopulmonary findings 
the cardiomediastinal silhouette and pulmonary vasculature are within normal limits in size  the lungs are clear of focal airspace disease pneumothorax or pleural effusion  there are no acute bony findings",,0.0,,,1.0,,,,,0.0,0.0,,,
"no acute cardiopulmonary abnormality 
the lungs are clear bilaterally  specifically no evidence of focal consolidation pneumothorax or pleural effusion  cardio mediastinal silhouette is unremarkable  visualized osseous structures of the thorax are without acute abnormality",,1.0,,,,,0.0,,,0.0,0.0,,,
"no acute cardiopulmonary abnormality 
the lungs are clear bilaterally  specifically no evidence of focal consolidation pneumothorax or pleural effusion  cardio mediastinal silhouette is unremarkable  visualized osseous structures of the thorax are without acute abnormality",,1.0,,,,,0.0,,,0.0,0.0,,,
"no acute cardiopulmonary abnormality 
the lungs are clear bilaterally  specifically no evidence of focal consolidation pneumothorax or pleural effusion  cardio mediastinal silhouette is unremarkable  visualized osseous structures of the thorax are without acute abnormality",,1.0,,,,,0.0,,,0.0,0.0,,,
"no acute pulmonary disease 
the lungs are clear  there is no pleural effusion or pneumothorax  the heart is not significantly enlarged  there are atherosclerotic changes of the aorta  arthritic changes of the skeletal structures are within normal limits",,,0.0,,,,,,,0.0,0.0,,,
"no acute cardiopulmonary findings 
the cardiomediastinal silhouette and pulmonary vasculature are within normal limits in size  the lungs are clear of focal airspace disease pneumothorax or pleural effusion  there are no acute bony findings",,0.0,,,1.0,,,,,0.0,0.0,,,
"no acute cardiopulmonary findings 
the cardiomediastinal silhouette and pulmonary vasculature are within normal limits in size  the lungs are clear of focal airspace disease pneumothorax or pleural effusion  there are no acute bony findings",,0.0,,,1.0,,,,,0.0,0.0,,,
there is hyperinflation of the lungs  there is hyperinflation of the lungs,,,,,,,,,,,,,,
"no acute cardiopulmonary findings 
the cardiomediastinal silhouette and pulmonary vasculature are within normal limits in size  the lungs are clear of focal airspace disease pneumothorax or pleural effusion  there are no acute bony findings",,0.0,,,1.0,,,,,0.0,0.0,,,
"no acute cardiopulmonary abnormality 
the lungs are clear bilaterally  specifically no evidence of focal consolidation pneumothorax or pleural effusion  cardiomediastinal silhouette is unremarkable",,1.0,,,,,0.0,,,0.0,0.0,,,
"no acute cardiopulmonary findings 
the cardiomediastinal silhouette and pulmonary vasculature are within normal limits in size  the lungs are clear of focal airspace disease pneumothorax or pleural effusion  there are no acute bony findings",,0.0,,,1.0,,,,,0.0,0.0,,,
"no acute cardiopulmonary findings 
the cardiomediastinal silhouette and pulmonary vasculature are within normal limits in size  the lungs are clear of focal airspace disease pneumothorax or pleural effusion  there are no acute bony findings",,0.0,,,1.0,,,,,0.0,0.0,,,
the cardiac silhouette is enlarged  pulmonary vasculature is within normal limits  there is no pneumothorax or pleural effusion  there are no focal areas of consolidation  there are cholecystectomy clips,,,1.0,,,,0.0,,,0.0,0.0,,,
"no acute cardiopulmonary abnormality 
the lungs are clear bilaterally  specifically no evidence of focal consolidation pneumothorax or pleural effusion  cardiomediastinal silhouette is unremarkable",,1.0,,,,,0.0,,,0.0,0.0,,,
"no acute cardiopulmonary abnormality 
the lungs are clear bilaterally  specifically no evidence of focal consolidation pneumothorax or pleural effusion  cardiomediastinal silhouette is unremarkable",,1.0,,,,,0.0,,,0.0,0.0,,,
"no acute cardiopulmonary findings 
the cardiomediastinal silhouette and pulmonary vasculature are within normal limits in size  the lungs are clear of focal airspace disease pneumothorax or pleural effusion  there are no acute bony findings",,0.0,,,1.0,,,,,0.0,0.0,,,
"no acute cardiopulmonary findings 
the cardiomediastinal silhouette and pulmonary vasculature are within normal limits in size  the lungs are clear of focal airspace disease pneumothorax or pleural effusion  there are no acute bony findings",,0.0,,,1.0,,,,,0.0,0.0,,,
"no acute cardiopulmonary abnormality 
the lungs are clear bilaterally  specifically no evidence of focal consolidation pneumothorax or pleural effusion  cardiomediastinal silhouette is unremarkable",,1.0,,,,,0.0,,,0.0,0.0,,,
"no acute cardiopulmonary abnormality 
the lungs are clear bilaterally  specifically no evidence of focal consolidation pneumothorax or pleural effusion  cardio mediastinal silhouette is unremarkable  visualized osseous structures of the thorax are without acute abnormality",,1.0,,,,,0.0,,,0.0,0.0,,,
"no acute cardiopulmonary findings 
the cardiomediastinal silhouette and pulmonary vasculature are within normal limits in size  the lungs are clear of focal airspace disease pneumothorax or pleural effusion  there are no acute bony findings",,0.0,,,1.0,,,,,0.0,0.0,,,
"no acute cardiopulmonary abnormality 
the lungs are clear bilaterally  specifically no evidence of focal consolidation pneumothorax or pleural effusion  cardio mediastinal silhouette is unremarkable  visualized osseous structures of the thorax are without acute abnormality",,1.0,,,,,0.0,,,0.0,0.0,,,
"no acute cardiopulmonary findings 
the cardiomediastinal silhouette and pulmonary vasculature are within normal limits in size  the lungs are clear of focal airspace disease pneumothorax or pleural effusion  there are no acute bony findings",,0.0,,,1.0,,,,,0.0,0.0,,,
"no acute cardiopulmonary findings 
the cardiomediastinal silhouette and pulmonary vasculature are within normal limits in size  the lungs are clear of focal airspace disease pneumothorax or pleural effusion  there are no acute bony findings",,0.0,,,1.0,,,,,0.0,0.0,,,
"right upper lobe infiltrate consistent with pneumonia 
the heart is normal in size  the mediastinal contours are stable  the lungs are clear",,-1.0,0.0,,1.0,,,1.0,,,,,,
"no acute cardiopulmonary abnormality 
the lungs are clear bilaterally  specifically no evidence of focal consolidation pneumothorax or pleural effusion  cardio mediastinal silhouette is unremarkable  visualized osseous structures of the thorax are without acute abnormality",,1.0,,,,,0.0,,,0.0,0.0,,,
"small right-sided pleural effusion 
there is a small right-sided pleural effusion  there is a small right-sided pleural effusion",,,,,,,,,,,1.0,,,
"chronic changes without acute cardiopulmonary abnormality 
the lungs are hyperinflated with flattening of the diaphragm  there is no evidence of pneumothorax or pleural effusion  the cardiac silhouette and mediastinal contours are within normal limits  there are calcified mediastinal lymph  there are atherosclerotic changes of the aorta  arthritic changes of the skeletal structures are noted",,0.0,1.0,,,,,,,0.0,0.0,,,
"no acute cardiopulmonary abnormality 
the lungs are clear bilaterally  specifically no evidence of focal consolidation pneumothorax or pleural effusion  cardio mediastinal silhouette is unremarkable  visualized osseous structures of the thorax are without acute abnormality",,1.0,,,,,0.0,,,0.0,0.0,,,
"no acute cardiopulmonary findings 
the cardiomediastinal silhouette and pulmonary vasculature are within normal limits in size  the lungs are clear of focal airspace disease pneumothorax or pleural effusion  there are no acute bony findings",,0.0,,,1.0,,,,,0.0,0.0,,,
"no acute cardiopulmonary abnormality 
the lungs are clear bilaterally  specifically no evidence of focal consolidation pneumothorax or pleural effusion  cardiomediastinal silhouette is unremarkable",,1.0,,,,,0.0,,,0.0,0.0,,,
"no acute cardiopulmonary abnormality 
the lungs are clear bilaterally  specifically no evidence of focal consolidation pneumothorax or pleural effusion  cardiomediastinal silhouette is unremarkable",,1.0,,,,,0.0,,,0.0,0.0,,,
"no acute cardiopulmonary abnormality 
the lungs are clear bilaterally  specifically no evidence of focal consolidation pneumothorax or pleural effusion  cardiomediastinal silhouette is unremarkable",,1.0,,,,,0.0,,,0.0,0.0,,,
"no acute cardiopulmonary abnormality 
the lungs are clear bilaterally  specifically no evidence of focal consolidation pneumothorax or pleural effusion  cardio mediastinal silhouette is unremarkable  visualized osseous structures of the thorax are without acute abnormality",,1.0,,,,,0.0,,,0.0,0.0,,,
"no acute cardiopulmonary findings 
the cardiomediastinal silhouette and pulmonary vasculature are within normal limits in size  the lungs are clear of focal airspace disease pneumothorax or pleural effusion  there are no acute bony findings",,0.0,,,1.0,,,,,0.0,0.0,,,
"no acute cardiopulmonary findings 
the cardiomediastinal silhouette and pulmonary vasculature are within normal limits in size  the lungs are clear of focal airspace disease pneumothorax or pleural effusion  there are no acute bony findings",,0.0,,,1.0,,,,,0.0,0.0,,,
"no acute cardiopulmonary findings 
the cardiomediastinal silhouette and pulmonary vasculature are within normal limits in size  the lungs are clear of focal airspace disease pneumothorax or pleural effusion  there are no acute bony findings",,0.0,,,1.0,,,,,0.0,0.0,,,
"no acute cardiopulmonary abnormality 
the lungs are clear bilaterally  specifically no evidence of focal consolidation pneumothorax or pleural effusion  cardio mediastinal silhouette is unremarkable  visualized osseous structures of the thorax are without acute abnormality",,1.0,,,,,0.0,,,0.0,0.0,,,
"no acute cardiopulmonary abnormality 
the lungs are clear bilaterally  specifically no evidence of focal consolidation pneumothorax or pleural effusion  cardiomediastinal silhouette is unremarkable",,1.0,,,,,0.0,,,0.0,0.0,,,
"no acute cardiopulmonary abnormality 
the lungs are clear bilaterally  specifically no evidence of focal consolidation pneumothorax or pleural effusion  cardio mediastinal silhouette is unremarkable  visualized osseous structures of the thorax are without acute abnormality",,1.0,,,,,0.0,,,0.0,0.0,,,
"no acute cardiopulmonary abnormality 
the lungs are clear bilaterally  specifically no evidence of focal consolidation pneumothorax or pleural effusion  cardiomediastinal silhouette is unremarkable",,1.0,,,,,0.0,,,0.0,0.0,,,
"no acute cardiopulmonary abnormality 
the lungs are clear bilaterally  specifically no evidence of focal consolidation pneumothorax or pleural effusion  cardiomediastinal silhouette is unremarkable",,1.0,,,,,0.0,,,0.0,0.0,,,
"no acute cardiopulmonary abnormality 
the lungs are clear bilaterally  specifically no evidence of focal consolidation pneumothorax or pleural effusion  cardiomediastinal silhouette is unremarkable",,1.0,,,,,0.0,,,0.0,0.0,,,
"no acute cardiopulmonary abnormality 
the lungs are clear bilaterally  specifically no evidence of focal consolidation pneumothorax or pleural effusion  cardio mediastinal silhouette is unremarkable  visualized osseous structures of the thorax are without acute abnormality",,1.0,,,,,0.0,,,0.0,0.0,,,
"no acute cardiopulmonary abnormality 
the lungs are clear bilaterally  specifically no evidence of focal consolidation pneumothorax or pleural effusion  cardio mediastinal silhouette is unremarkable  visualized osseous structures of the thorax are without acute abnormality",,1.0,,,,,0.0,,,0.0,0.0,,,
"no acute cardiopulmonary abnormality 
the lungs are clear bilaterally  specifically no evidence of focal consolidation pneumothorax or pleural effusion  cardiomediastinal silhouette is unremarkable",,1.0,,,,,0.0,,,0.0,0.0,,,
"no acute cardiopulmonary findings 
the cardiomediastinal silhouette and pulmonary vasculature are within normal limits in size  the lungs are clear of focal airspace disease pneumothorax or pleural effusion  there are no acute bony findings",,0.0,,,1.0,,,,,0.0,0.0,,,
"cardiomegaly without acute cardiopulmonary abnormality identified 
heart size is enlarged  mediastinal contours are within normal limits  pulmonary vasculature is unremarkable  no focal airspace consolidation pleural effusion or pneumothorax  no acute bony abnormality",,0.0,1.0,,,,0.0,,,0.0,0.0,,,
"no acute cardiopulmonary abnormality 
the lungs are clear bilaterally  specifically no evidence of focal consolidation pneumothorax or pleural effusion  cardio mediastinal silhouette is unremarkable  visualized osseous structures of the thorax are without acute abnormality",,1.0,,,,,0.0,,,0.0,0.0,,,
"no acute cardiopulmonary abnormality 
the lungs are clear bilaterally  specifically no evidence of focal consolidation pneumothorax or pleural effusion  cardio mediastinal silhouette is unremarkable  visualized osseous structures of the thoracic spine are without acute abnormality",,1.0,,,,,0.0,,,0.0,0.0,,,
"no acute cardiopulmonary findings 
the cardiomediastinal silhouette and pulmonary vasculature are within normal limits in size  the lungs are clear of focal airspace disease pneumothorax or pleural effusion  there are no acute bony findings",,0.0,,,1.0,,,,,0.0,0.0,,,
"no acute cardiopulmonary abnormality 
the lungs are clear bilaterally  specifically no evidence of focal consolidation pneumothorax or pleural effusion  cardio mediastinal silhouette is unremarkable  visualized osseous structures of the thorax are without acute abnormality",,1.0,,,,,0.0,,,0.0,0.0,,,
"no acute cardiopulmonary abnormality 
the lungs are clear bilaterally  specifically no evidence of focal consolidation pneumothorax or pleural effusion  cardiomediastinal silhouette is unremarkable",,1.0,,,,,0.0,,,0.0,0.0,,,
"no acute cardiopulmonary findings 
the cardiomediastinal silhouette and pulmonary vasculature are within normal limits in size  the lungs are clear of focal airspace disease pneumothorax or pleural effusion  there are no acute bony findings",,0.0,,,1.0,,,,,0.0,0.0,,,
"no acute cardiopulmonary findings 
the cardiomediastinal silhouette and pulmonary vasculature are within normal limits in size  the lungs are clear of focal airspace disease pneumothorax or pleural effusion  there are no acute bony findings",,0.0,,,1.0,,,,,0.0,0.0,,,
"no acute cardiopulmonary findings 
the cardiomediastinal silhouette and pulmonary vasculature are within normal limits in size  the lungs are clear of focal airspace disease pneumothorax or pleural effusion  there are no acute bony findings",,0.0,,,1.0,,,,,0.0,0.0,,,
the cardiomediastinal silhouette is normal size and configuration  pulmonary vasculature within normal limits  the lungs are well-aerated  there is no pneumothorax pleural effusion or focal airspace consolidation  bony structures reveal no acute abnormalities,,0.0,,,,,1.0,,,0.0,0.0,,,
"no acute cardiopulmonary abnormality 
the lungs are clear bilaterally  specifically no evidence of focal consolidation pneumothorax or pleural effusion  cardiomediastinal silhouette is unremarkable",,1.0,,,,,0.0,,,0.0,0.0,,,
"no acute cardiopulmonary abnormality 
the lungs are clear bilaterally  specifically no evidence of focal consolidation pneumothorax or pleural effusion  cardio mediastinal silhouette is unremarkable  visualized osseous structures of the thorax are without acute abnormality",,1.0,,,,,0.0,,,0.0,0.0,,,
"no acute cardiopulmonary abnormality 
the lungs are clear bilaterally  specifically no evidence of focal consolidation pneumothorax or pleural effusion  cardio mediastinal silhouette is unremarkable  visualized osseous structures of the thorax are without acute abnormality",,1.0,,,,,0.0,,,0.0,0.0,,,
"no acute cardiopulmonary abnormality 
the lungs are clear bilaterally  specifically no evidence of focal consolidation pneumothorax or pleural effusion  cardio mediastinal silhouette is unremarkable  visualized osseous structures of the thorax are without acute abnormality",,1.0,,,,,0.0,,,0.0,0.0,,,
"no acute cardiopulmonary abnormality 
the lungs are clear bilaterally  specifically no evidence of focal consolidation pneumothorax or pleural effusion  cardiomediastinal silhouette is unremarkable",,1.0,,,,,0.0,,,0.0,0.0,,,
"no acute cardiopulmonary findings 
the cardiomediastinal silhouette and pulmonary vasculature are within normal limits in size  the lungs are clear of focal airspace disease pneumothorax or pleural effusion  there are no acute bony findings",,0.0,,,1.0,,,,,0.0,0.0,,,
"no acute cardiopulmonary abnormality 
the lungs are clear bilaterally  specifically no evidence of focal consolidation pneumothorax or pleural effusion  cardio mediastinal silhouette is unremarkable  visualized osseous structures of the thorax are without acute abnormality",,1.0,,,,,0.0,,,0.0,0.0,,,
"no acute cardiopulmonary abnormality 
the lungs are clear bilaterally  specifically no evidence of focal consolidation pneumothorax or pleural effusion  cardio mediastinal silhouette is unremarkable  visualized osseous structures of the thorax are without acute abnormality",,1.0,,,,,0.0,,,0.0,0.0,,,
"no acute cardiopulmonary abnormality 
the lungs are clear bilaterally  specifically no evidence of focal consolidation pneumothorax or pleural effusion  cardiomediastinal silhouette is unremarkable",,1.0,,,,,0.0,,,0.0,0.0,,,
"no acute cardiopulmonary abnormality 
the lungs are clear bilaterally  specifically no evidence of focal consolidation pneumothorax or pleural effusion  cardiomediastinal silhouette is unremarkable",,1.0,,,,,0.0,,,0.0,0.0,,,
"no acute cardiopulmonary findings 
the cardiomediastinal silhouette and pulmonary vasculature are within normal limits in size  the lungs are clear of focal airspace disease pneumothorax or pleural effusion  there are no acute bony findings",,0.0,,,1.0,,,,,0.0,0.0,,,
"no acute cardiopulmonary findings 
the cardiomediastinal silhouette and pulmonary vasculature are within normal limits in size  the lungs are clear of focal airspace disease pneumothorax or pleural effusion  there are no acute bony findings",,0.0,,,1.0,,,,,0.0,0.0,,,
"no acute cardiopulmonary findings 
the cardiomediastinal silhouette and pulmonary vasculature are within normal limits in size  the lungs are clear of focal airspace disease pneumothorax or pleural effusion  there are no acute bony findings",,0.0,,,1.0,,,,,0.0,0.0,,,
"no acute cardiopulmonary abnormality 
the lungs are clear bilaterally  specifically no evidence of focal consolidation pneumothorax or pleural effusion  cardiomediastinal silhouette is unremarkable",,1.0,,,,,0.0,,,0.0,0.0,,,
"no acute cardiopulmonary abnormality 
the lungs are clear bilaterally  specifically no evidence of focal consolidation pneumothorax or pleural effusion  cardio mediastinal silhouette is unremarkable  visualized osseous structures of the thorax are without acute abnormality",,1.0,,,,,0.0,,,0.0,0.0,,,
"no acute cardiopulmonary abnormality 
the lungs are clear bilaterally  specifically no evidence of focal consolidation pneumothorax or pleural effusion  cardiomediastinal silhouette is unremarkable",,1.0,,,,,0.0,,,0.0,0.0,,,
"no acute cardiopulmonary abnormality 
the lungs are clear bilaterally  specifically no evidence of focal consolidation pneumothorax or pleural effusion  cardiomediastinal silhouette is unremarkable",,1.0,,,,,0.0,,,0.0,0.0,,,
"no acute cardiopulmonary abnormality 
the lungs are clear bilaterally  specifically no evidence of focal consolidation pneumothorax or pleural effusion  cardio mediastinal silhouette is unremarkable  visualized osseous structures of the thoracic spine are without acute abnormality",,1.0,,,,,0.0,,,0.0,0.0,,,
"no acute cardiopulmonary abnormality 
the lungs are clear bilaterally  specifically no evidence of focal consolidation pneumothorax or pleural effusion  cardiomediastinal silhouette is unremarkable",,1.0,,,,,0.0,,,0.0,0.0,,,
the heart is normal in size  the mediastinum is unremarkable  the lungs are grossly clear  there is no pleural effusion or pneumothorax,1.0,0.0,0.0,,,,,,,0.0,0.0,,,
"no acute cardiopulmonary findings 
the cardiomediastinal silhouette and pulmonary vasculature are within normal limits in size  the lungs are clear of focal airspace disease pneumothorax or pleural effusion  there are no acute bony findings",,0.0,,,1.0,,,,,0.0,0.0,,,
"no acute cardiopulmonary abnormality 
the lungs are clear bilaterally  specifically no evidence of focal consolidation pneumothorax or pleural effusion  cardio mediastinal silhouette is unremarkable  visualized osseous structures of the thorax are without acute abnormality",,1.0,,,,,0.0,,,0.0,0.0,,,
"no acute cardiopulmonary findings 
the cardiomediastinal silhouette and pulmonary vasculature are within normal limits in size  the lungs are clear of focal airspace disease pneumothorax or pleural effusion  there are no acute bony findings",,0.0,,,1.0,,,,,0.0,0.0,,,
"no acute cardiopulmonary abnormality 
the lungs are clear bilaterally  specifically no evidence of focal consolidation pneumothorax or pleural effusion  cardiomediastinal silhouette is unremarkable",,1.0,,,,,0.0,,,0.0,0.0,,,
"no acute cardiopulmonary abnormality 
the lungs are clear bilaterally  specifically no evidence of focal consolidation pneumothorax or pleural effusion  cardiomediastinal silhouette is unremarkable",,1.0,,,,,0.0,,,0.0,0.0,,,
"no acute cardiopulmonary findings 
the cardiomediastinal silhouette and pulmonary vasculature are within normal limits in size  the lungs are clear of focal airspace disease pneumothorax or pleural effusion  there are no acute bony findings",,0.0,,,1.0,,,,,0.0,0.0,,,
"no acute cardiopulmonary abnormality 
the lungs are clear bilaterally  specifically no evidence of focal consolidation pneumothorax or pleural effusion  cardiomediastinal silhouette is unremarkable",,1.0,,,,,0.0,,,0.0,0.0,,,
"no acute cardiopulmonary abnormality 
the lungs are clear bilaterally  specifically no evidence of focal consolidation pneumothorax or pleural effusion  cardiomediastinal silhouette is unremarkable",,1.0,,,,,0.0,,,0.0,0.0,,,
"no acute cardiopulmonary abnormality 
the lungs are clear bilaterally  specifically no evidence of focal consolidation pneumothorax or pleural effusion  cardiomediastinal silhouette is unremarkable",,1.0,,,,,0.0,,,0.0,0.0,,,
"no acute cardiopulmonary abnormality 
the lungs are clear bilaterally  specifically no evidence of focal consolidation pneumothorax or pleural effusion  cardiomediastinal silhouette is unremarkable",,1.0,,,,,0.0,,,0.0,0.0,,,
"no acute cardiopulmonary findings 
the cardiomediastinal silhouette and pulmonary vasculature are within normal limits in size  the lungs are clear of focal airspace disease pneumothorax or pleural effusion  there are no acute bony findings",,0.0,,,1.0,,,,,0.0,0.0,,,
"no acute cardiopulmonary abnormality 
the lungs are clear bilaterally  specifically no evidence of focal consolidation pneumothorax or pleural effusion  cardio mediastinal silhouette is unremarkable  visualized osseous structures of the thorax are without acute abnormality",,1.0,,,,,0.0,,,0.0,0.0,,,
"no acute cardiopulmonary abnormality 
the lungs are clear bilaterally  specifically no evidence of focal consolidation pneumothorax or pleural effusion  cardio mediastinal silhouette is unremarkable  visualized osseous structures of the thorax are without acute abnormality",,1.0,,,,,0.0,,,0.0,0.0,,,
"no acute cardiopulmonary abnormality 
the lungs are clear bilaterally  specifically no evidence of focal consolidation pneumothorax or pleural effusion  cardio mediastinal silhouette is unremarkable  visualized osseous structures of the thorax are without acute abnormality",,1.0,,,,,0.0,,,0.0,0.0,,,
"no acute cardiopulmonary findings 
the cardiomediastinal silhouette and pulmonary vasculature are within normal limits in size  the lungs are clear of focal airspace disease pneumothorax or pleural effusion  there are no acute bony findings",,0.0,,,1.0,,,,,0.0,0.0,,,
"no acute cardiopulmonary abnormality 
the lungs are clear bilaterally  specifically no evidence of focal consolidation pneumothorax or pleural effusion  cardio mediastinal silhouette is unremarkable  visualized osseous structures of the thorax are without acute abnormality",,1.0,,,,,0.0,,,0.0,0.0,,,
"bibasilar airspace disease and bilateral pleural effusion 
the heart is normal in size  the mediastinum is stable  there are atherosclerotic changes of the aorta  arthritic changes of the skeletal structures are stable",,-1.0,0.0,,0.0,,,,,,0.0,,,
"no acute cardiopulmonary abnormality 
the lungs are clear bilaterally  specifically no evidence of focal consolidation pneumothorax or pleural effusion  cardiomediastinal silhouette is unremarkable",,1.0,,,,,0.0,,,0.0,0.0,,,
"no acute cardiopulmonary abnormality 
the lungs are clear bilaterally  specifically no evidence of focal consolidation pneumothorax or pleural effusion  cardiomediastinal silhouette is unremarkable",,1.0,,,,,0.0,,,0.0,0.0,,,
"no acute cardiopulmonary findings 
the cardiomediastinal silhouette and pulmonary vasculature are within normal limits in size  the lungs are clear of focal airspace disease pneumothorax or pleural effusion  there are no acute bony findings",,0.0,,,1.0,,,,,0.0,0.0,,,
"no acute cardiopulmonary abnormality 
the lungs are clear bilaterally  specifically no evidence of focal consolidation pneumothorax or pleural effusion  cardiomediastinal silhouette is unremarkable",,1.0,,,,,0.0,,,0.0,0.0,,,
"no acute cardiopulmonary abnormality 
the lungs are clear bilaterally  specifically no evidence of focal consolidation pneumothorax or pleural effusion  cardiomediastinal silhouette is unremarkable",,1.0,,,,,0.0,,,0.0,0.0,,,
"no acute cardiopulmonary abnormality 
the lungs are clear bilaterally  specifically no evidence of focal consolidation pneumothorax or pleural effusion  cardio mediastinal silhouette is unremarkable  visualized osseous structures of the thorax are without acute abnormality",,1.0,,,,,0.0,,,0.0,0.0,,,
"no acute cardiopulmonary findings 
the cardiomediastinal silhouette and pulmonary vasculature are within normal limits in size  the lungs are clear of focal airspace disease pneumothorax or pleural effusion  there are no acute bony findings",,0.0,,,1.0,,,,,0.0,0.0,,,
"no acute cardiopulmonary abnormality 
the lungs are clear bilaterally  specifically no evidence of focal consolidation pneumothorax or pleural effusion  cardio mediastinal silhouette is unremarkable  visualized osseous structures of the thorax are without acute abnormality",,1.0,,,,,0.0,,,0.0,0.0,,,
"no acute cardiopulmonary findings 
the cardiomediastinal silhouette and pulmonary vasculature are within normal limits in size  the lungs are clear of focal airspace disease pneumothorax or pleural effusion  there are no acute bony findings",,0.0,,,1.0,,,,,0.0,0.0,,,
"no acute cardiopulmonary findings 
the cardiomediastinal silhouette and pulmonary vasculature are within normal limits in size  the lungs are clear of focal airspace disease pneumothorax or pleural effusion  there are no acute bony findings",,0.0,,,1.0,,,,,0.0,0.0,,,
"no acute cardiopulmonary abnormality 
the lungs are clear bilaterally  specifically no evidence of focal consolidation pneumothorax or pleural effusion  cardio mediastinal silhouette is unremarkable  visualized osseous structures of the thorax are without acute abnormality",,1.0,,,,,0.0,,,0.0,0.0,,,
"no acute cardiopulmonary abnormality 
the lungs are clear bilaterally  specifically no evidence of focal consolidation pneumothorax or pleural effusion  cardio mediastinal silhouette is unremarkable  visualized osseous structures of the thorax are without acute abnormality",,1.0,,,,,0.0,,,0.0,0.0,,,
"no acute cardiopulmonary findings 
the cardiomediastinal silhouette and pulmonary vasculature are within normal limits in size  the lungs are clear of focal airspace disease pneumothorax or pleural effusion  there are no acute bony findings",,0.0,,,1.0,,,,,0.0,0.0,,,
"no acute cardiopulmonary findings 
the cardiomediastinal silhouette and pulmonary vasculature are within normal limits in size  the lungs are clear of focal airspace disease pneumothorax or pleural effusion  there are no acute bony findings",,0.0,,,1.0,,,,,0.0,0.0,,,
"no acute cardiopulmonary findings 
the cardiomediastinal silhouette and pulmonary vasculature are within normal limits in size  the lungs are clear of focal airspace disease pneumothorax or pleural effusion  there are no acute bony findings",,0.0,,,1.0,,,,,0.0,0.0,,,
"no acute cardiopulmonary findings 
the cardiomediastinal silhouette and pulmonary vasculature are within normal limits in size  the lungs are clear of focal airspace disease pneumothorax or pleural effusion  there are no acute bony findings",,0.0,,,1.0,,,,,0.0,0.0,,,
"no acute cardiopulmonary abnormality 
the lungs are clear bilaterally  specifically no evidence of focal consolidation pneumothorax or pleural effusion  cardio mediastinal silhouette is unremarkable  visualized osseous structures of the thoracic spine are without acute abnormality",,1.0,,,,,0.0,,,0.0,0.0,,,
"no acute cardiopulmonary abnormality 
the lungs are clear bilaterally  specifically no evidence of focal consolidation pneumothorax or pleural effusion  cardiomediastinal silhouette is unremarkable",,1.0,,,,,0.0,,,0.0,0.0,,,
"no acute cardiopulmonary abnormality 
the lungs are clear bilaterally  specifically no evidence of focal consolidation pneumothorax or pleural effusion  cardiomediastinal silhouette is unremarkable",,1.0,,,,,0.0,,,0.0,0.0,,,
"no acute cardiopulmonary findings 
the cardiomediastinal silhouette and pulmonary vasculature are within normal limits in size  the lungs are clear of focal airspace disease pneumothorax or pleural effusion  there are no acute bony findings",,0.0,,,1.0,,,,,0.0,0.0,,,
"no acute cardiopulmonary findings 
the cardiomediastinal silhouette and pulmonary vasculature are within normal limits in size  the lungs are clear of focal airspace disease pneumothorax or pleural effusion  there are no acute bony findings",,0.0,,,1.0,,,,,0.0,0.0,,,
"no acute cardiopulmonary findings 
the cardiomediastinal silhouette and pulmonary vasculature are within normal limits in size  the lungs are clear of focal airspace disease pneumothorax or pleural effusion  there are no acute bony findings",,0.0,,,1.0,,,,,0.0,0.0,,,
"no acute cardiopulmonary abnormality 
the lungs are clear bilaterally  specifically no evidence of focal consolidation pneumothorax or pleural effusion  cardio mediastinal silhouette is unremarkable  visualized osseous structures of the thorax are without acute abnormality",,1.0,,,,,0.0,,,0.0,0.0,,,
"no acute cardiopulmonary findings 
the cardiomediastinal silhouette and pulmonary vasculature are within normal limits in size  the lungs are clear of focal airspace disease pneumothorax or pleural effusion  there are no acute bony findings",,0.0,,,1.0,,,,,0.0,0.0,,,
"no acute cardiopulmonary findings 
the cardiomediastinal silhouette and pulmonary vasculature are within normal limits in size  the lungs are clear of focal airspace disease pneumothorax or pleural effusion  there are no acute bony findings",,0.0,,,1.0,,,,,0.0,0.0,,,
"no acute cardiopulmonary abnormalities 
the heart is normal in size  the mediastinum is unremarkable  the lungs are hyperinflated with flattening of the diaphragm  there is no pleural effusion pneumothorax or focal airspace consolidation  there are mild degenerative changes of the thoracic spine",,0.0,0.0,,,,-1.0,,,-1.0,0.0,,,
"no acute cardiopulmonary findings 
the cardiomediastinal silhouette and pulmonary vasculature are within normal limits in size  the lungs are clear of focal airspace disease pneumothorax or pleural effusion  there are no acute bony findings",,0.0,,,1.0,,,,,0.0,0.0,,,
"right upper lobe infiltrate consistent with pneumonia 
the heart is normal in size  the mediastinum is stable  the lungs are clear  there is no pleural effusion or pneumothorax",,-1.0,0.0,,0.0,,,1.0,,0.0,0.0,,,
"no acute pulmonary disease 
the lungs are clear  there is no pleural effusion or pneumothorax  the heart is not significantly enlarged  there are atherosclerotic changes of the aorta  arthritic changes of the skeletal structures are within normal limits",,,0.0,,,,,,,0.0,0.0,,,
"no acute pulmonary disease 
the lungs are clear  there is no pleural effusion or pneumothorax  the heart is not significantly enlarged  there are atherosclerotic changes of the aorta  arthritic changes of the skeletal structures are within normal limits",,,0.0,,,,,,,0.0,0.0,,,
"no acute cardiopulmonary abnormality 
the lungs are clear bilaterally  specifically no evidence of focal consolidation pneumothorax or pleural effusion  cardiomediastinal silhouette is unremarkable",,1.0,,,,,0.0,,,0.0,0.0,,,
"no acute cardiopulmonary abnormality 
the lungs are clear bilaterally  specifically no evidence of focal consolidation pneumothorax or pleural effusion  cardiomediastinal silhouette is unremarkable",,1.0,,,,,0.0,,,0.0,0.0,,,
"no acute cardiopulmonary findings 
the cardiomediastinal silhouette and pulmonary vasculature are within normal limits in size  the lungs are clear of focal airspace disease pneumothorax or pleural effusion  there are no acute bony findings",,0.0,,,1.0,,,,,0.0,0.0,,,
"no acute cardiopulmonary abnormality 
the lungs are clear bilaterally  specifically no evidence of focal consolidation pneumothorax or pleural effusion  cardio mediastinal silhouette is unremarkable  visualized osseous structures of the thorax are without acute abnormality",,1.0,,,,,0.0,,,0.0,0.0,,,
"no acute cardiopulmonary findings 
the cardiomediastinal silhouette and pulmonary vasculature are within normal limits in size  the lungs are clear of focal airspace disease pneumothorax or pleural effusion  there are no acute bony findings",,0.0,,,1.0,,,,,0.0,0.0,,,
"no acute cardiopulmonary abnormality 
the lungs are clear bilaterally  specifically no evidence of focal consolidation pneumothorax or pleural effusion  cardiomediastinal silhouette is unremarkable",,1.0,,,,,0.0,,,0.0,0.0,,,
"no acute cardiopulmonary abnormality 
the lungs are clear bilaterally  specifically no evidence of focal consolidation pneumothorax or pleural effusion  cardio mediastinal silhouette is unremarkable  visualized osseous structures of the thorax are without acute abnormality",,1.0,,,,,0.0,,,0.0,0.0,,,
"no acute cardiopulmonary abnormality 
the lungs are clear bilaterally  specifically no evidence of focal consolidation pneumothorax or pleural effusion  cardiomediastinal silhouette is unremarkable",,1.0,,,,,0.0,,,0.0,0.0,,,
"no acute cardiopulmonary abnormality 
the lungs are clear bilaterally  specifically no evidence of focal consolidation pneumothorax or pleural effusion  cardio mediastinal silhouette is unremarkable  visualized osseous structures of the thorax are without acute abnormality",,1.0,,,,,0.0,,,0.0,0.0,,,
"no acute cardiopulmonary findings 
the cardiomediastinal silhouette and pulmonary vasculature are within normal limits in size  the lungs are clear of focal airspace disease pneumothorax or pleural effusion  there are no acute bony findings",,0.0,,,1.0,,,,,0.0,0.0,,,
"right-sided pleural effusion 
there is a right-sided pleural effusion  there is a right-sided pleural effusion  there is a right-sided pneumothorax",,,,,,,,,,1.0,1.0,,,
"no acute pulmonary disease 
the lungs are clear  there is no pleural effusion or pneumothorax  the heart is not significantly enlarged  there are atherosclerotic changes of the aorta  arthritic changes of the skeletal structures are within normal limits",,,0.0,,,,,,,0.0,0.0,,,
"no acute cardiopulmonary abnormality 
the lungs are clear bilaterally  specifically no evidence of focal consolidation pneumothorax or pleural effusion  cardiomediastinal silhouette is unremarkable",,1.0,,,,,0.0,,,0.0,0.0,,,
"no acute cardiopulmonary abnormality 
the lungs are clear bilaterally  specifically no evidence of focal consolidation pneumothorax or pleural effusion  cardiomediastinal silhouette is unremarkable",,1.0,,,,,0.0,,,0.0,0.0,,,
"no acute cardiopulmonary abnormality 
the lungs are clear bilaterally  specifically no evidence of focal consolidation pneumothorax or pleural effusion  cardiomediastinal silhouette is unremarkable",,1.0,,,,,0.0,,,0.0,0.0,,,
"no acute cardiopulmonary abnormality 
the lungs are clear bilaterally  specifically no evidence of focal consolidation pneumothorax or pleural effusion  cardiomediastinal silhouette is unremarkable",,1.0,,,,,0.0,,,0.0,0.0,,,
"no acute cardiopulmonary abnormality 
the lungs are clear bilaterally  specifically no evidence of focal consolidation pneumothorax or pleural effusion  cardiomediastinal silhouette is unremarkable",,1.0,,,,,0.0,,,0.0,0.0,,,
"no acute cardiopulmonary abnormality 
the lungs are clear bilaterally  specifically no evidence of focal consolidation pneumothorax or pleural effusion  cardiomediastinal silhouette is unremarkable",,1.0,,,,,0.0,,,0.0,0.0,,,
"no acute cardiopulmonary findings 
the cardiomediastinal silhouette and pulmonary vasculature are within normal limits in size  the lungs are clear of focal airspace disease pneumothorax or pleural effusion  there are no acute bony findings",,0.0,,,1.0,,,,,0.0,0.0,,,
"no acute cardiopulmonary abnormality 
the lungs are clear bilaterally  specifically no evidence of focal consolidation pneumothorax or pleural effusion  cardiomediastinal silhouette is unremarkable",,1.0,,,,,0.0,,,0.0,0.0,,,
"no acute cardiopulmonary abnormality 
the lungs are clear bilaterally  specifically no evidence of focal consolidation pneumothorax or pleural effusion  cardiomediastinal silhouette is unremarkable",,1.0,,,,,0.0,,,0.0,0.0,,,
"no acute cardiopulmonary abnormality 
the lungs are clear bilaterally  specifically no evidence of focal consolidation pneumothorax or pleural effusion  cardio mediastinal silhouette is unremarkable  visualized osseous structures of the thorax are without acute abnormality",,1.0,,,,,0.0,,,0.0,0.0,,,
"emphysema without acute cardiopulmonary abnormality 
there is hyperinflation of the lungs  there is hyperinflation of the lungs",,,,,,,,,,,,,,
"no acute cardiopulmonary abnormality 
the lungs are clear bilaterally  specifically no evidence of focal consolidation pneumothorax or pleural effusion  cardiomediastinal silhouette is unremarkable",,1.0,,,,,0.0,,,0.0,0.0,,,
"no acute cardiopulmonary abnormality 
the lungs are clear bilaterally  specifically no evidence of focal consolidation pneumothorax or pleural effusion  cardio mediastinal silhouette is unremarkable  visualized osseous structures of the thorax are without acute abnormality",,1.0,,,,,0.0,,,0.0,0.0,,,
"no acute cardiopulmonary abnormality 
the lungs are clear bilaterally  specifically no evidence of focal consolidation pneumothorax or pleural effusion  cardio mediastinal silhouette is unremarkable  visualized osseous structures of the thorax are without acute abnormality",,1.0,,,,,0.0,,,0.0,0.0,,,
"no acute cardiopulmonary findings 
the cardiomediastinal silhouette and pulmonary vasculature are within normal limits in size  the lungs are clear of focal airspace disease pneumothorax or pleural effusion  there are no acute bony findings",,0.0,,,1.0,,,,,0.0,0.0,,,
"no acute cardiopulmonary findings 
the cardiomediastinal silhouette and pulmonary vasculature are within normal limits in size  the lungs are clear of focal airspace disease pneumothorax or pleural effusion  there are no acute bony findings",,0.0,,,1.0,,,,,0.0,0.0,,,
"no acute cardiopulmonary abnormality 
the lungs are clear bilaterally  specifically no evidence of focal consolidation pneumothorax or pleural effusion  cardio mediastinal silhouette is unremarkable  visualized osseous structures of the thorax are without acute abnormality",,1.0,,,,,0.0,,,0.0,0.0,,,
the cardiomediastinal silhouette is normal size and configuration  pulmonary vasculature within normal limits  the lungs are well-aerated  there is no pneumothorax pleural effusion or focal airspace consolidation  bony structures reveal no acute abnormalities,,0.0,,,,,1.0,,,0.0,0.0,,,
"no acute pulmonary disease 
the lungs are clear  there is no pleural effusion or pneumothorax  the heart and mediastinum are normal  the skeletal structures are normal",,1.0,1.0,,,,,,,0.0,0.0,,,
"no acute cardiopulmonary abnormality 
the lungs are clear bilaterally  specifically no evidence of focal consolidation pneumothorax or pleural effusion  cardiomediastinal silhouette is unremarkable",,1.0,,,,,0.0,,,0.0,0.0,,,
"right upper lobe infiltrate consistent with pneumonia 
the heart is normal in size  the mediastinum is unremarkable  the lungs are clear  there is no pleural effusion or pneumothorax",,0.0,0.0,,0.0,,,1.0,,0.0,0.0,,,
"no acute cardiopulmonary abnormality 
the lungs are clear bilaterally  specifically no evidence of focal consolidation pneumothorax or pleural effusion  cardio mediastinal silhouette is unremarkable  visualized osseous structures of the thorax are without acute abnormality",,1.0,,,,,0.0,,,0.0,0.0,,,
"no acute cardiopulmonary abnormality 
the lungs are clear bilaterally  specifically no evidence of focal consolidation pneumothorax or pleural effusion  cardiomediastinal silhouette is unremarkable",,1.0,,,,,0.0,,,0.0,0.0,,,
"no acute cardiopulmonary findings 
the cardiomediastinal silhouette and pulmonary vasculature are within normal limits in size  the lungs are clear of focal airspace disease pneumothorax or pleural effusion  there are no acute bony findings",,0.0,,,1.0,,,,,0.0,0.0,,,
"no acute cardiopulmonary findings 
the cardiomediastinal silhouette and pulmonary vasculature are within normal limits in size  the lungs are clear of focal airspace disease pneumothorax or pleural effusion  there are no acute bony findings",,0.0,,,1.0,,,,,0.0,0.0,,,
"no acute cardiopulmonary findings 
the cardiomediastinal silhouette and pulmonary vasculature are within normal limits in size  the lungs are clear of focal airspace disease pneumothorax or pleural effusion  there are no acute bony findings",,0.0,,,1.0,,,,,0.0,0.0,,,
"no acute cardiopulmonary abnormality 
the lungs are clear bilaterally  specifically no evidence of focal consolidation pneumothorax or pleural effusion  cardio mediastinal silhouette is unremarkable  visualized osseous structures of the thorax are without acute abnormality",,1.0,,,,,0.0,,,0.0,0.0,,,
"no acute cardiopulmonary findings 
the cardiomediastinal silhouette and pulmonary vasculature are within normal limits in size  the lungs are clear of focal airspace disease pneumothorax or pleural effusion  there are no acute bony findings",,0.0,,,1.0,,,,,0.0,0.0,,,
"no acute cardiopulmonary findings 
the cardiomediastinal silhouette and pulmonary vasculature are within normal limits in size  the lungs are clear of focal airspace disease pneumothorax or pleural effusion  there are no acute bony findings",,0.0,,,1.0,,,,,0.0,0.0,,,
"no acute cardiopulmonary abnormality 
the lungs are clear bilaterally  specifically no evidence of focal consolidation pneumothorax or pleural effusion  cardiomediastinal silhouette is unremarkable",,1.0,,,,,0.0,,,0.0,0.0,,,
"no acute cardiopulmonary findings 
the cardiomediastinal silhouette and pulmonary vasculature are within normal limits in size  the lungs are clear of focal airspace disease pneumothorax or pleural effusion  there are no acute bony findings",,0.0,,,1.0,,,,,0.0,0.0,,,
"no acute cardiopulmonary findings 
the cardiomediastinal silhouette and pulmonary vasculature are within normal limits in size  the lungs are clear of focal airspace disease pneumothorax or pleural effusion  there are no acute bony findings",,0.0,,,1.0,,,,,0.0,0.0,,,
"no acute cardiopulmonary abnormality 
the lungs are clear bilaterally  specifically no evidence of focal consolidation pneumothorax or pleural effusion  cardio mediastinal silhouette is unremarkable  visualized osseous structures of the thorax are without acute abnormality",,1.0,,,,,0.0,,,0.0,0.0,,,
"no acute cardiopulmonary findings 
the cardiomediastinal silhouette and pulmonary vasculature are within normal limits in size  the lungs are clear of focal airspace disease pneumothorax or pleural effusion  there are no acute bony findings",,0.0,,,1.0,,,,,0.0,0.0,,,
"no acute cardiopulmonary abnormality 
the lungs are clear bilaterally  specifically no evidence of focal consolidation pneumothorax or pleural effusion  cardio mediastinal silhouette is unremarkable  visualized osseous structures of the thoracic spine are without acute abnormality",,1.0,,,,,0.0,,,0.0,0.0,,,
"no acute cardiopulmonary abnormality 
the trachea is midline  the cardiomediastinal silhouette is normal in size and contour  the thoracic aortic aortic atherosclerotic calcifications  the lungs are clear bilaterally  there is no pneumothorax or pleural effusion",,0.0,,,,,,,,0.0,0.0,,,
"no acute cardiopulmonary abnormality 
the lungs are clear bilaterally  specifically no evidence of focal consolidation pneumothorax or pleural effusion  cardio mediastinal silhouette is unremarkable  visualized osseous structures of the thorax are without acute abnormality",,1.0,,,,,0.0,,,0.0,0.0,,,
"no acute cardiopulmonary abnormality 
the lungs are clear bilaterally  specifically no evidence of focal consolidation pneumothorax or pleural effusion  cardiomediastinal silhouette is unremarkable",,1.0,,,,,0.0,,,0.0,0.0,,,
"emphysema without acute disease 
the heart is normal in size  the mediastinum is unremarkable  the lungs are hyperinflated with emphysema  there is no pleural effusion or pneumothorax",,0.0,0.0,,,,,,,0.0,0.0,,,
"no acute cardiopulmonary findings 
the cardiomediastinal silhouette and pulmonary vasculature are within normal limits in size  the lungs are clear of focal airspace disease pneumothorax or pleural effusion  there are no acute bony findings",,0.0,,,1.0,,,,,0.0,0.0,,,
"no acute cardiopulmonary abnormality 
the lungs are clear bilaterally  specifically no evidence of focal consolidation pneumothorax or pleural effusion  cardiomediastinal silhouette is unremarkable",,1.0,,,,,0.0,,,0.0,0.0,,,
"no acute cardiopulmonary abnormality 
the lungs are clear bilaterally  specifically no evidence of focal consolidation pneumothorax or pleural effusion  cardiomediastinal silhouette is unremarkable",,1.0,,,,,0.0,,,0.0,0.0,,,
"no acute cardiopulmonary findings 
the cardiomediastinal silhouette and pulmonary vasculature are within normal limits in size  the lungs are clear of focal airspace disease pneumothorax or pleural effusion  there are no acute bony findings",,0.0,,,1.0,,,,,0.0,0.0,,,
"no acute cardiopulmonary abnormality 
the lungs are clear bilaterally  specifically no evidence of focal consolidation pneumothorax or pleural effusion  cardio mediastinal silhouette is unremarkable  visualized osseous structures of the thorax are without acute abnormality",,1.0,,,,,0.0,,,0.0,0.0,,,
"no acute cardiopulmonary findings 
the cardiomediastinal silhouette and pulmonary vasculature are within normal limits in size  the lungs are clear of focal airspace disease pneumothorax or pleural effusion  there are no acute bony findings",,0.0,,,1.0,,,,,0.0,0.0,,,
"no acute cardiopulmonary abnormality 
the lungs are clear bilaterally  specifically no evidence of focal consolidation pneumothorax or pleural effusion  cardiomediastinal silhouette is unremarkable",,1.0,,,,,0.0,,,0.0,0.0,,,
"no acute cardiopulmonary abnormality 
the lungs are clear bilaterally  specifically no evidence of focal consolidation pneumothorax or pleural effusion  cardiomediastinal silhouette is unremarkable",,1.0,,,,,0.0,,,0.0,0.0,,,
"no acute cardiopulmonary abnormality 
the lungs are clear bilaterally  specifically no evidence of focal consolidation pneumothorax or pleural effusion  cardiomediastinal silhouette is unremarkable",,1.0,,,,,0.0,,,0.0,0.0,,,
"no acute cardiopulmonary abnormality 
the lungs are clear bilaterally  specifically no evidence of focal consolidation pneumothorax or pleural effusion  cardiomediastinal silhouette is unremarkable",,1.0,,,,,0.0,,,0.0,0.0,,,
"no acute cardiopulmonary abnormality 
the lungs are clear bilaterally  specifically no evidence of focal consolidation pneumothorax or pleural effusion  cardiomediastinal silhouette is unremarkable",,1.0,,,,,0.0,,,0.0,0.0,,,
"no acute cardiopulmonary findings 
the cardiomediastinal silhouette and pulmonary vasculature are within normal limits in size  the lungs are clear of focal airspace disease pneumothorax or pleural effusion  there are no acute bony findings",,0.0,,,1.0,,,,,0.0,0.0,,,
"no acute cardiopulmonary abnormality 
the lungs are clear bilaterally  specifically no evidence of focal consolidation pneumothorax or pleural effusion  cardiomediastinal silhouette is unremarkable",,1.0,,,,,0.0,,,0.0,0.0,,,
"no acute cardiopulmonary abnormality 
the lungs are clear bilaterally  specifically no evidence of focal consolidation pneumothorax or pleural effusion  cardio mediastinal silhouette is unremarkable  visualized osseous structures of the thoracic spine are without acute abnormality",,1.0,,,,,0.0,,,0.0,0.0,,,
"no acute cardiopulmonary findings 
the cardiomediastinal silhouette and pulmonary vasculature are within normal limits in size  the lungs are clear of focal airspace disease pneumothorax or pleural effusion  there are no acute bony findings",,0.0,,,1.0,,,,,0.0,0.0,,,
"no acute cardiopulmonary findings 
the cardiomediastinal silhouette and pulmonary vasculature are within normal limits in size  the lungs are clear of focal airspace disease pneumothorax or pleural effusion  there are no acute bony findings",,0.0,,,1.0,,,,,0.0,0.0,,,
"no acute cardiopulmonary findings 
the cardiomediastinal silhouette and pulmonary vasculature are within normal limits in size  the lungs are clear of focal airspace disease pneumothorax or pleural effusion  there are no acute bony findings",,0.0,,,1.0,,,,,0.0,0.0,,,
"no acute cardiopulmonary abnormality 
the lungs are clear bilaterally  specifically no evidence of focal consolidation pneumothorax or pleural effusion  cardiomediastinal silhouette is unremarkable",,1.0,,,,,0.0,,,0.0,0.0,,,
"no acute cardiopulmonary abnormality 
the lungs are clear bilaterally  specifically no evidence of focal consolidation pneumothorax or pleural effusion  cardiomediastinal silhouette is unremarkable",,1.0,,,,,0.0,,,0.0,0.0,,,
"no acute cardiopulmonary findings 
the cardiomediastinal silhouette and pulmonary vasculature are within normal limits in size  the lungs are clear of focal airspace disease pneumothorax or pleural effusion  there are no acute bony findings",,0.0,,,1.0,,,,,0.0,0.0,,,
"no acute cardiopulmonary abnormality 
the lungs are clear bilaterally  specifically no evidence of focal consolidation pneumothorax or pleural effusion  cardio mediastinal silhouette is unremarkable  visualized osseous structures of the thorax are without acute abnormality",,1.0,,,,,0.0,,,0.0,0.0,,,
"no acute cardiopulmonary abnormality 
the lungs are clear bilaterally  specifically no evidence of focal consolidation pneumothorax or pleural effusion  cardio mediastinal silhouette is unremarkable  visualized osseous structures of the thorax are without acute abnormality",,1.0,,,,,0.0,,,0.0,0.0,,,
"no acute cardiopulmonary abnormality 
the lungs are clear bilaterally  specifically no evidence of focal consolidation pneumothorax or pleural effusion  cardio mediastinal silhouette is unremarkable  visualized osseous structures of the thoracic spine are without acute abnormality",,1.0,,,,,0.0,,,0.0,0.0,,,
"no acute cardiopulmonary abnormality 
the lungs are clear bilaterally  specifically no evidence of focal airspace disease pneumothorax or pleural effusion  cardiomediastinal silhouette is unremarkable",,1.0,,,0.0,,,,,0.0,0.0,,,
"no acute cardiopulmonary abnormality 
the lungs are clear bilaterally  specifically no evidence of focal consolidation pneumothorax or pleural effusion  cardiomediastinal silhouette is unremarkable",,1.0,,,,,0.0,,,0.0,0.0,,,
"hyperexpanded lungs without acute cardiopulmonary abnormality 
there is hyperinflation of the lungs  there is hyperinflation of the lungs",,,,,,,,,,,,,,
"no acute cardiopulmonary abnormality 
the lungs are clear bilaterally  specifically no evidence of focal consolidation pneumothorax or pleural effusion  cardiomediastinal silhouette is unremarkable",,1.0,,,,,0.0,,,0.0,0.0,,,
"no acute cardiopulmonary abnormality 
the lungs are clear bilaterally  specifically no evidence of focal consolidation pneumothorax or pleural effusion  cardio mediastinal silhouette is unremarkable  visualized osseous structures of the thorax are without acute abnormality",,1.0,,,,,0.0,,,0.0,0.0,,,
there is hyperinflation  there is hyperinflation of the lungs,,,,,,,,,,,,,,
"no acute cardiopulmonary findings 
the cardiomediastinal silhouette and pulmonary vasculature are within normal limits in size  the lungs are clear of focal airspace disease pneumothorax or pleural effusion  there are no acute bony findings",,0.0,,,1.0,,,,,0.0,0.0,,,
"no acute cardiopulmonary abnormality 
the lungs are clear bilaterally  specifically no evidence of focal consolidation pneumothorax or pleural effusion  cardiomediastinal silhouette is unremarkable",,1.0,,,,,0.0,,,0.0,0.0,,,
"no acute cardiopulmonary findings 
the cardiomediastinal silhouette and pulmonary vasculature are within normal limits in size  the lungs are clear of focal airspace disease pneumothorax or pleural effusion  there are no acute bony findings",,0.0,,,1.0,,,,,0.0,0.0,,,
"no acute cardiopulmonary abnormality 
the lungs are clear bilaterally  specifically no evidence of focal consolidation pneumothorax or pleural effusion  cardio mediastinal silhouette is unremarkable  visualized osseous structures of the thorax are without acute abnormality",,1.0,,,,,0.0,,,0.0,0.0,,,
"no acute cardiopulmonary findings 
the cardiomediastinal silhouette and pulmonary vasculature are within normal limits in size  the lungs are clear of focal airspace disease pneumothorax or pleural effusion  there are no acute bony findings",,0.0,,,1.0,,,,,0.0,0.0,,,
"no acute cardiopulmonary abnormality 
the lungs are clear bilaterally  specifically no evidence of focal consolidation pneumothorax or pleural effusion  cardiomediastinal silhouette is unremarkable",,1.0,,,,,0.0,,,0.0,0.0,,,
"no acute cardiopulmonary findings 
the cardiomediastinal silhouette and pulmonary vasculature are within normal limits in size  the lungs are clear of focal airspace disease pneumothorax or pleural effusion  there are no acute bony findings",,0.0,,,1.0,,,,,0.0,0.0,,,
"no acute cardiopulmonary abnormality 
the lungs are clear bilaterally  specifically no evidence of focal consolidation pneumothorax or pleural effusion  cardiomediastinal silhouette is unremarkable",,1.0,,,,,0.0,,,0.0,0.0,,,
"no acute cardiopulmonary abnormality 
the lungs are clear bilaterally  specifically no evidence of focal consolidation pneumothorax or pleural effusion  cardio mediastinal silhouette is unremarkable  visualized osseous structures of the thorax are without acute abnormality",,1.0,,,,,0.0,,,0.0,0.0,,,
"no acute cardiopulmonary findings 
the cardiomediastinal silhouette and pulmonary vasculature are within normal limits in size  the lungs are clear of focal airspace disease pneumothorax or pleural effusion  there are no acute bony findings",,0.0,,,1.0,,,,,0.0,0.0,,,
"no acute cardiopulmonary abnormality 
the lungs are clear bilaterally  specifically no evidence of focal consolidation pneumothorax or pleural effusion  cardio mediastinal silhouette is unremarkable  visualized osseous structures of the thorax are without acute abnormality",,1.0,,,,,0.0,,,0.0,0.0,,,
"no acute cardiopulmonary findings 
the cardiomediastinal silhouette and pulmonary vasculature are within normal limits in size  the lungs are clear of focal airspace disease pneumothorax or pleural effusion  there are no acute bony findings",,0.0,,,1.0,,,,,0.0,0.0,,,
"no acute cardiopulmonary findings 
the cardiomediastinal silhouette and pulmonary vasculature are within normal limits in size  the lungs are clear of focal airspace disease pneumothorax or pleural effusion  there are no acute bony findings",,0.0,,,1.0,,,,,0.0,0.0,,,
"no acute cardiopulmonary abnormality 
the lungs are clear bilaterally  specifically no evidence of focal consolidation pneumothorax or pleural effusion  cardio mediastinal silhouette is unremarkable  visualized osseous structures of the thoracic spine are without acute abnormality",,1.0,,,,,0.0,,,0.0,0.0,,,
"emphysema without acute cardiopulmonary abnormality 
there is hyperinflation of the lungs  there is hyperinflation of the lungs",,,,,,,,,,,,,,
"no acute cardiopulmonary abnormality 
the lungs are clear bilaterally  specifically no evidence of focal consolidation pneumothorax or pleural effusion  cardiomediastinal silhouette is unremarkable",,1.0,,,,,0.0,,,0.0,0.0,,,
"no acute cardiopulmonary findings 
the cardiomediastinal silhouette and pulmonary vasculature are within normal limits in size  the lungs are clear of focal airspace disease pneumothorax or pleural effusion  there are no acute bony findings",,0.0,,,1.0,,,,,0.0,0.0,,,
"no acute cardiopulmonary abnormality 
the lungs are clear bilaterally  specifically no evidence of focal consolidation pneumothorax or pleural effusion  cardio mediastinal silhouette is unremarkable  visualized osseous structures of the thorax are without acute abnormality",,1.0,,,,,0.0,,,0.0,0.0,,,
"no acute cardiopulmonary abnormality 
the lungs are clear bilaterally  specifically no evidence of focal consolidation pneumothorax or pleural effusion  cardiomediastinal silhouette is unremarkable",,1.0,,,,,0.0,,,0.0,0.0,,,
"no acute cardiopulmonary abnormality 
the lungs are clear bilaterally  specifically no evidence of focal consolidation pneumothorax or pleural effusion  cardiomediastinal silhouette is unremarkable",,1.0,,,,,0.0,,,0.0,0.0,,,
"no acute cardiopulmonary abnormality 
the lungs are clear bilaterally  specifically no evidence of focal consolidation pneumothorax or pleural effusion  cardio mediastinal silhouette is unremarkable  visualized osseous structures of the thorax are without acute abnormality",,1.0,,,,,0.0,,,0.0,0.0,,,
"no acute cardiopulmonary abnormality 
the lungs are clear bilaterally  specifically no evidence of focal consolidation pneumothorax or pleural effusion  cardiomediastinal silhouette is unremarkable",,1.0,,,,,0.0,,,0.0,0.0,,,
"no acute cardiopulmonary findings 
the cardiomediastinal silhouette and pulmonary vasculature are within normal limits in size  the lungs are clear of focal airspace disease pneumothorax or pleural effusion  there are no acute bony findings",,0.0,,,1.0,,,,,0.0,0.0,,,
"no acute cardiopulmonary abnormality 
the lungs are clear bilaterally  specifically no evidence of focal consolidation pneumothorax or pleural effusion  cardiomediastinal silhouette is unremarkable",,1.0,,,,,0.0,,,0.0,0.0,,,
"no acute cardiopulmonary abnormality 
the lungs are clear bilaterally  specifically no evidence of focal consolidation pneumothorax or pleural effusion  cardiomediastinal silhouette is unremarkable",,1.0,,,,,0.0,,,0.0,0.0,,,
"no acute cardiopulmonary abnormality 
the lungs are clear bilaterally  specifically no evidence of focal consolidation pneumothorax or pleural effusion  cardio mediastinal silhouette is unremarkable  visualized osseous structures of the thorax are without acute abnormality",,1.0,,,,,0.0,,,0.0,0.0,,,
"no acute cardiopulmonary abnormality 
the lungs are clear bilaterally  specifically no evidence of focal consolidation pneumothorax or pleural effusion  cardio mediastinal silhouette is unremarkable  visualized osseous structures of the thorax are without acute abnormality",,1.0,,,,,0.0,,,0.0,0.0,,,
"no acute cardiopulmonary findings 
the cardiomediastinal silhouette and pulmonary vasculature are within normal limits in size  the lungs are clear of focal airspace disease pneumothorax or pleural effusion  there are no acute bony findings",,0.0,,,1.0,,,,,0.0,0.0,,,
"no acute cardiopulmonary abnormality 
the lungs are clear bilaterally  specifically no evidence of focal consolidation pneumothorax or pleural effusion  cardiomediastinal silhouette is unremarkable",,1.0,,,,,0.0,,,0.0,0.0,,,
"no acute cardiopulmonary findings 
the cardiomediastinal silhouette and pulmonary vasculature are within normal limits in size  the lungs are clear of focal airspace disease pneumothorax or pleural effusion  there are no acute bony findings",,0.0,,,1.0,,,,,0.0,0.0,,,
"no acute cardiopulmonary abnormality 
the lungs are clear bilaterally  specifically no evidence of focal consolidation pneumothorax or pleural effusion  cardiomediastinal silhouette is unremarkable",,1.0,,,,,0.0,,,0.0,0.0,,,
"no acute cardiopulmonary findings 
the cardiomediastinal silhouette and pulmonary vasculature are within normal limits in size  the lungs are clear of focal airspace disease pneumothorax or pleural effusion  there are no acute bony findings",,0.0,,,1.0,,,,,0.0,0.0,,,
"no acute cardiopulmonary abnormality 
the lungs are clear bilaterally  specifically no evidence of focal consolidation pneumothorax or pleural effusion  cardiomediastinal silhouette is unremarkable",,1.0,,,,,0.0,,,0.0,0.0,,,
"no acute cardiopulmonary abnormality 
the lungs are clear bilaterally  specifically no evidence of focal consolidation pneumothorax or pleural effusion  cardio mediastinal silhouette is unremarkable  visualized osseous structures of the thorax are without acute abnormality",,1.0,,,,,0.0,,,0.0,0.0,,,
"no acute cardiopulmonary abnormality 
the lungs are clear bilaterally  specifically no evidence of focal consolidation pneumothorax or pleural effusion  cardiomediastinal silhouette is unremarkable",,1.0,,,,,0.0,,,0.0,0.0,,,
"no acute cardiopulmonary abnormality 
the lungs are clear bilaterally  specifically no evidence of focal consolidation pneumothorax or pleural effusion  cardiomediastinal silhouette is unremarkable",,1.0,,,,,0.0,,,0.0,0.0,,,
"no acute cardiopulmonary abnormality 
the lungs are clear bilaterally  specifically no evidence of focal consolidation pneumothorax or pleural effusion  cardiomediastinal silhouette is unremarkable",,1.0,,,,,0.0,,,0.0,0.0,,,
"no acute cardiopulmonary abnormality 
the lungs are clear bilaterally  specifically no evidence of focal consolidation pneumothorax or pleural effusion  cardio mediastinal silhouette is unremarkable  visualized osseous structures of the thoracic spine are without acute abnormality",,1.0,,,,,0.0,,,0.0,0.0,,,
"no acute cardiopulmonary findings 
the cardiomediastinal silhouette and pulmonary vasculature are within normal limits in size  the lungs are clear of focal airspace disease pneumothorax or pleural effusion  there are no acute bony findings",,0.0,,,1.0,,,,,0.0,0.0,,,
"no acute cardiopulmonary abnormality 
the lungs are clear bilaterally  specifically no evidence of focal consolidation pneumothorax or pleural effusion  cardio mediastinal silhouette is unremarkable  visualized osseous structures of the thorax are without acute abnormality",,1.0,,,,,0.0,,,0.0,0.0,,,
"no acute cardiopulmonary abnormality 
the lungs are clear bilaterally  specifically no evidence of focal consolidation pneumothorax or pleural effusion  cardio mediastinal silhouette is unremarkable  visualized osseous structures of the thorax are without acute abnormality",,1.0,,,,,0.0,,,0.0,0.0,,,
"no acute cardiopulmonary abnormality 
the lungs are clear bilaterally  specifically no evidence of focal consolidation pneumothorax or pleural effusion  cardio mediastinal silhouette is unremarkable  visualized osseous structures of the thorax are without acute abnormality",,1.0,,,,,0.0,,,0.0,0.0,,,
"no acute cardiopulmonary findings 
the cardiomediastinal silhouette and pulmonary vasculature are within normal limits in size  the lungs are clear of focal airspace disease pneumothorax or pleural effusion  there are no acute bony findings",,0.0,,,1.0,,,,,0.0,0.0,,,
"no acute cardiopulmonary abnormality 
the lungs are clear bilaterally  specifically no evidence of focal consolidation pneumothorax or pleural effusion  cardiomediastinal silhouette is unremarkable",,1.0,,,,,0.0,,,0.0,0.0,,,
"no acute cardiopulmonary abnormality 
the lungs are clear bilaterally  specifically no evidence of focal consolidation pneumothorax or pleural effusion  cardio mediastinal silhouette is unremarkable  visualized osseous structures of the thoracic spine are without acute abnormality",,1.0,,,,,0.0,,,0.0,0.0,,,
"no acute cardiopulmonary abnormality 
the lungs are clear bilaterally  specifically no evidence of focal consolidation pneumothorax or pleural effusion  cardio mediastinal silhouette is unremarkable  visualized osseous structures of the thorax are without acute abnormality",,1.0,,,,,0.0,,,0.0,0.0,,,
"no acute cardiopulmonary abnormality 
the lungs are clear bilaterally  specifically no evidence of focal consolidation pneumothorax or pleural effusion  cardiomediastinal silhouette is unremarkable",,1.0,,,,,0.0,,,0.0,0.0,,,
"no acute pulmonary disease 
the lungs are clear  there is no pleural effusion or pneumothorax  the heart is not significantly enlarged  there are atherosclerotic changes of the aorta  arthritic changes of the skeletal structures are within normal limits",,,0.0,,,,,,,0.0,0.0,,,
"no acute cardiopulmonary findings 
the cardiomediastinal silhouette and pulmonary vasculature are within normal limits in size  the lungs are clear of focal airspace disease pneumothorax or pleural effusion  there are no acute bony findings",,0.0,,,1.0,,,,,0.0,0.0,,,
"no acute cardiopulmonary abnormality 
the lungs are clear bilaterally  specifically no evidence of focal consolidation pneumothorax or pleural effusion  cardiomediastinal silhouette is unremarkable",,1.0,,,,,0.0,,,0.0,0.0,,,
"no acute cardiopulmonary findings 
the cardiomediastinal silhouette and pulmonary vasculature are within normal limits in size  the lungs are clear of focal airspace disease pneumothorax or pleural effusion  there are no acute bony findings",,0.0,,,1.0,,,,,0.0,0.0,,,
"no acute cardiopulmonary abnormality 
the lungs are clear bilaterally  specifically no evidence of focal consolidation pneumothorax or pleural effusion  cardiomediastinal silhouette is unremarkable",,1.0,,,,,0.0,,,0.0,0.0,,,
"no acute cardiopulmonary abnormality 
the lungs are clear bilaterally  specifically no evidence of focal consolidation pneumothorax or pleural effusion  cardiomediastinal silhouette is unremarkable",,1.0,,,,,0.0,,,0.0,0.0,,,
"no acute cardiopulmonary abnormality 
the lungs are clear bilaterally  specifically no evidence of focal consolidation pneumothorax or pleural effusion  cardiomediastinal silhouette is unremarkable",,1.0,,,,,0.0,,,0.0,0.0,,,
"no acute cardiopulmonary findings 
the cardiomediastinal silhouette and pulmonary vasculature are within normal limits in size  the lungs are clear of focal airspace disease pneumothorax or pleural effusion  there are no acute bony findings",,0.0,,,1.0,,,,,0.0,0.0,,,
"no acute cardiopulmonary abnormality 
the lungs are clear bilaterally  specifically no evidence of focal consolidation pneumothorax or pleural effusion  cardiomediastinal silhouette is unremarkable",,1.0,,,,,0.0,,,0.0,0.0,,,
"no acute cardiopulmonary findings 
the cardiomediastinal silhouette and pulmonary vasculature are within normal limits in size  the lungs are clear of focal airspace disease pneumothorax or pleural effusion  there are no acute bony findings",,0.0,,,1.0,,,,,0.0,0.0,,,
"no acute cardiopulmonary abnormality 
the lungs are clear bilaterally  specifically no evidence of focal consolidation pneumothorax or pleural effusion  cardiomediastinal silhouette is unremarkable",,1.0,,,,,0.0,,,0.0,0.0,,,
"no acute cardiopulmonary abnormality 
the lungs are clear bilaterally  specifically no evidence of focal consolidation pneumothorax or pleural effusion  cardio mediastinal silhouette is unremarkable  visualized osseous structures of the thorax are without acute abnormality",,1.0,,,,,0.0,,,0.0,0.0,,,
"no acute pulmonary disease 
the lungs are clear  there is no pleural effusion or pneumothorax  the heart is not significantly enlarged  there are atherosclerotic changes of the aorta  arthritic changes of the skeletal structures are within normal limits",,,0.0,,,,,,,0.0,0.0,,,
"no acute cardiopulmonary abnormality 
the lungs are clear bilaterally  specifically no evidence of focal consolidation pneumothorax or pleural effusion  cardio mediastinal silhouette is unremarkable  visualized osseous structures of the thorax are without acute abnormality",,1.0,,,,,0.0,,,0.0,0.0,,,
"no acute cardiopulmonary abnormality 
the lungs are clear bilaterally  specifically no evidence of focal consolidation pneumothorax or pleural effusion  cardiomediastinal silhouette is unremarkable",,1.0,,,,,0.0,,,0.0,0.0,,,
"no acute cardiopulmonary findings 
the cardiomediastinal silhouette and pulmonary vasculature are within normal limits in size  the lungs are clear of focal airspace disease pneumothorax or pleural effusion  there are no acute bony findings",,0.0,,,1.0,,,,,0.0,0.0,,,
"no acute cardiopulmonary abnormality 
the lungs are clear bilaterally  specifically no evidence of focal consolidation pneumothorax or pleural effusion  cardiomediastinal silhouette is unremarkable",,1.0,,,,,0.0,,,0.0,0.0,,,
"no acute cardiopulmonary abnormality 
the lungs are clear bilaterally  specifically no evidence of focal consolidation pneumothorax or pleural effusion  cardio mediastinal silhouette is unremarkable  visualized osseous structures of the thorax are without acute abnormality",,1.0,,,,,0.0,,,0.0,0.0,,,
"no acute cardiopulmonary findings 
the cardiomediastinal silhouette and pulmonary vasculature are within normal limits in size  the lungs are clear of focal airspace disease pneumothorax or pleural effusion  there are no acute bony findings",,0.0,,,1.0,,,,,0.0,0.0,,,
"no acute cardiopulmonary abnormality 
the lungs are clear bilaterally  specifically no evidence of focal consolidation pneumothorax or pleural effusion  cardiomediastinal silhouette is unremarkable",,1.0,,,,,0.0,,,0.0,0.0,,,
"no acute cardiopulmonary findings 
the cardiomediastinal silhouette and pulmonary vasculature are within normal limits in size  the lungs are clear of focal airspace disease pneumothorax or pleural effusion  there are no acute bony findings",,0.0,,,1.0,,,,,0.0,0.0,,,
"no acute cardiopulmonary findings 
the cardiomediastinal silhouette and pulmonary vasculature are within normal limits in size  the lungs are clear of focal airspace disease pneumothorax or pleural effusion  there are no acute bony findings",,0.0,,,1.0,,,,,0.0,0.0,,,
"no acute cardiopulmonary findings 
the cardiomediastinal silhouette and pulmonary vasculature are within normal limits in size  the lungs are clear of focal airspace disease pneumothorax or pleural effusion  there are no acute bony findings",,0.0,,,1.0,,,,,0.0,0.0,,,
"no acute cardiopulmonary findings 
the cardiomediastinal silhouette and pulmonary vasculature are within normal limits in size  the lungs are clear of focal airspace disease pneumothorax or pleural effusion  there are no acute bony findings",,0.0,,,1.0,,,,,0.0,0.0,,,
"no acute cardiopulmonary findings 
the cardiomediastinal silhouette and pulmonary vasculature are within normal limits in size  the lungs are clear of focal airspace disease pneumothorax or pleural effusion  there are no acute bony findings",,0.0,,,1.0,,,,,0.0,0.0,,,
"no acute cardiopulmonary abnormality 
the lungs are clear bilaterally  specifically no evidence of focal consolidation pneumothorax or pleural effusion  cardiomediastinal silhouette is unremarkable",,1.0,,,,,0.0,,,0.0,0.0,,,
"no acute cardiopulmonary findings 
the cardiomediastinal silhouette and pulmonary vasculature are within normal limits in size  the lungs are clear of focal airspace disease pneumothorax or pleural effusion  there are no acute bony findings",,0.0,,,1.0,,,,,0.0,0.0,,,
"no acute cardiopulmonary abnormality 
the lungs are clear bilaterally  specifically no evidence of focal consolidation pneumothorax or pleural effusion  cardio mediastinal silhouette is unremarkable  visualized osseous structures of the thoracic spine are without acute abnormality",,1.0,,,,,0.0,,,0.0,0.0,,,
"no acute cardiopulmonary abnormality 
the lungs are clear bilaterally  specifically no evidence of focal consolidation pneumothorax or pleural effusion  cardiomediastinal silhouette is unremarkable",,1.0,,,,,0.0,,,0.0,0.0,,,
"no acute cardiopulmonary findings 
the cardiomediastinal silhouette and pulmonary vasculature are within normal limits in size  the lungs are clear of focal airspace disease pneumothorax or pleural effusion  there are no acute bony findings",,0.0,,,1.0,,,,,0.0,0.0,,,
"no acute cardiopulmonary abnormality 
the lungs are clear bilaterally  specifically no evidence of focal consolidation pneumothorax or pleural effusion  cardiomediastinal silhouette is unremarkable",,1.0,,,,,0.0,,,0.0,0.0,,,
"no acute cardiopulmonary abnormality 
the lungs are clear bilaterally  specifically no evidence of focal consolidation pneumothorax or pleural effusion  cardiomediastinal silhouette is unremarkable",,1.0,,,,,0.0,,,0.0,0.0,,,
"no acute cardiopulmonary findings 
the cardiomediastinal silhouette and pulmonary vasculature are within normal limits in size  the lungs are clear of focal airspace disease pneumothorax or pleural effusion  there are no acute bony findings",,0.0,,,1.0,,,,,0.0,0.0,,,
"no acute cardiopulmonary findings 
the cardiomediastinal silhouette and pulmonary vasculature are within normal limits in size  the lungs are clear of focal airspace disease pneumothorax or pleural effusion  there are no acute bony findings",,0.0,,,1.0,,,,,0.0,0.0,,,
"no acute cardiopulmonary abnormality 
the lungs are clear bilaterally  specifically no evidence of focal consolidation pneumothorax or pleural effusion  cardio mediastinal silhouette is unremarkable  visualized osseous structures of the thorax are without acute abnormality",,1.0,,,,,0.0,,,0.0,0.0,,,
"no acute cardiopulmonary findings 
the cardiomediastinal silhouette and pulmonary vasculature are within normal limits in size  the lungs are clear of focal airspace disease pneumothorax or pleural effusion  there are no acute bony findings",,0.0,,,1.0,,,,,0.0,0.0,,,
"no acute cardiopulmonary findings 
the cardiomediastinal silhouette and pulmonary vasculature are within normal limits in size  the lungs are clear of focal airspace disease pneumothorax or pleural effusion  there are no acute bony findings",,0.0,,,1.0,,,,,0.0,0.0,,,
"no acute cardiopulmonary abnormality 
the lungs are clear bilaterally  specifically no evidence of focal consolidation pneumothorax or pleural effusion  cardio mediastinal silhouette is unremarkable  visualized osseous structures of the thorax are without acute abnormality",,1.0,,,,,0.0,,,0.0,0.0,,,
"no acute cardiopulmonary findings 
the cardiomediastinal silhouette and pulmonary vasculature are within normal limits in size  the lungs are clear of focal airspace disease pneumothorax or pleural effusion  there are no acute bony findings",,0.0,,,1.0,,,,,0.0,0.0,,,
"no acute cardiopulmonary abnormality 
the lungs are clear bilaterally  specifically no evidence of focal consolidation pneumothorax or pleural effusion  cardio mediastinal silhouette is unremarkable  visualized osseous structures of the thorax are without acute abnormality",,1.0,,,,,0.0,,,0.0,0.0,,,
"chronic changes without acute cardiopulmonary abnormality 
the lungs are hyperinflated with flattening of the diaphragm  there is no evidence of focal consolidation pneumothorax or pleural effusion  the cardiac silhouette and mediastinal contours are within normal limits  there are calcified mediastinal lymph  there are atherosclerotic changes of the aorta  arthritic changes of the skeletal structures are noted",,0.0,1.0,,,,0.0,,,0.0,0.0,,,
"no acute cardiopulmonary findings 
the cardiomediastinal silhouette and pulmonary vasculature are within normal limits in size  the lungs are clear of focal airspace disease pneumothorax or pleural effusion  there are no acute bony findings",,0.0,,,1.0,,,,,0.0,0.0,,,
"no acute cardiopulmonary abnormality 
the lungs are clear bilaterally  specifically no evidence of focal consolidation pneumothorax or pleural effusion  cardiomediastinal silhouette is unremarkable",,1.0,,,,,0.0,,,0.0,0.0,,,
"no acute cardiopulmonary findings 
the cardiomediastinal silhouette and pulmonary vasculature are within normal limits in size  the lungs are clear of focal airspace disease pneumothorax or pleural effusion  there are no acute bony findings",,0.0,,,1.0,,,,,0.0,0.0,,,
"no acute cardiopulmonary findings 
the cardiomediastinal silhouette and pulmonary vasculature are within normal limits in size  the lungs are clear of focal airspace disease pneumothorax or pleural effusion  there are no acute bony findings",,0.0,,,1.0,,,,,0.0,0.0,,,
"no acute cardiopulmonary abnormality 
the lungs are clear bilaterally  specifically no evidence of focal consolidation pneumothorax or pleural effusion  cardiomediastinal silhouette is unremarkable",,1.0,,,,,0.0,,,0.0,0.0,,,
"no acute cardiopulmonary abnormality 
the lungs are clear bilaterally  specifically no evidence of focal consolidation pneumothorax or pleural effusion  cardio mediastinal silhouette is unremarkable  visualized osseous structures of the thorax are without acute abnormality",,1.0,,,,,0.0,,,0.0,0.0,,,
"no acute cardiopulmonary findings 
the cardiomediastinal silhouette and pulmonary vasculature are within normal limits in size  the lungs are clear of focal airspace disease pneumothorax or pleural effusion  there are no acute bony findings",,0.0,,,1.0,,,,,0.0,0.0,,,
"no acute cardiopulmonary findings 
the cardiomediastinal silhouette and pulmonary vasculature are within normal limits in size  the lungs are clear of focal airspace disease pneumothorax or pleural effusion  there are no acute bony findings",,0.0,,,1.0,,,,,0.0,0.0,,,
"no acute cardiopulmonary abnormality 
the lungs are clear bilaterally  specifically no evidence of focal consolidation pneumothorax or pleural effusion  cardiomediastinal silhouette is unremarkable",,1.0,,,,,0.0,,,0.0,0.0,,,
"no acute cardiopulmonary findings 
the cardiomediastinal silhouette and pulmonary vasculature are within normal limits in size  the lungs are clear of focal airspace disease pneumothorax or pleural effusion  there are no acute bony findings",,0.0,,,1.0,,,,,0.0,0.0,,,
"no acute pulmonary disease 
the lungs are clear  there is no pleural effusion or pneumothorax  the heart is not significantly enlarged  there are atherosclerotic changes of the aorta  arthritic changes of the skeletal structures are within normal limits",,,0.0,,,,,,,0.0,0.0,,,
"no acute cardiopulmonary findings 
the cardiomediastinal silhouette and pulmonary vasculature are within normal limits in size  the lungs are clear of focal airspace disease pneumothorax or pleural effusion  there are no acute bony findings",,0.0,,,1.0,,,,,0.0,0.0,,,
"no acute cardiopulmonary findings 
the cardiomediastinal silhouette and pulmonary vasculature are within normal limits in size  the lungs are clear of focal airspace disease pneumothorax or pleural effusion  there are no acute bony findings",,0.0,,,1.0,,,,,0.0,0.0,,,
"no acute cardiopulmonary abnormality 
the lungs are clear bilaterally  specifically no evidence of focal consolidation pneumothorax or pleural effusion  cardio mediastinal silhouette is unremarkable  visualized osseous structures of the thorax are without acute abnormality",,1.0,,,,,0.0,,,0.0,0.0,,,
"no acute cardiopulmonary abnormality 
the lungs are clear bilaterally  specifically no evidence of focal consolidation pneumothorax or pleural effusion  cardiomediastinal silhouette is unremarkable",,1.0,,,,,0.0,,,0.0,0.0,,,
"no acute cardiopulmonary abnormality 
the lungs are clear bilaterally  specifically no evidence of focal consolidation pneumothorax or pleural effusion  cardiomediastinal silhouette is unremarkable",,1.0,,,,,0.0,,,0.0,0.0,,,
"no acute cardiopulmonary abnormality 
the lungs are clear bilaterally  specifically no evidence of focal consolidation pneumothorax or pleural effusion  cardiomediastinal silhouette is unremarkable",,1.0,,,,,0.0,,,0.0,0.0,,,
"no acute cardiopulmonary abnormality 
the lungs are clear bilaterally  specifically no evidence of focal consolidation pneumothorax or pleural effusion  cardio mediastinal silhouette is unremarkable  visualized osseous structures of the thorax are without acute abnormality",,1.0,,,,,0.0,,,0.0,0.0,,,
"no acute cardiopulmonary abnormality 
the lungs are clear bilaterally  specifically no evidence of focal consolidation pneumothorax or pleural effusion  cardio mediastinal silhouette is unremarkable  visualized osseous structures of the thorax are without acute abnormality",,1.0,,,,,0.0,,,0.0,0.0,,,
"no acute cardiopulmonary findings 
the cardiomediastinal silhouette and pulmonary vasculature are within normal limits in size  the lungs are clear of focal airspace disease pneumothorax or pleural effusion  there are no acute bony findings",,0.0,,,1.0,,,,,0.0,0.0,,,
"no acute cardiopulmonary findings 
the cardiomediastinal silhouette and pulmonary vasculature are within normal limits in size  the lungs are clear of focal airspace disease pneumothorax or pleural effusion  there are no acute bony findings",,0.0,,,1.0,,,,,0.0,0.0,,,
"no acute cardiopulmonary abnormality 
the lungs are clear bilaterally  specifically no evidence of focal consolidation pneumothorax or pleural effusion  cardio mediastinal silhouette is unremarkable  visualized osseous structures of the thoracic spine are without acute abnormality",,1.0,,,,,0.0,,,0.0,0.0,,,
"no acute cardiopulmonary abnormality 
the lungs are clear bilaterally  specifically no evidence of focal consolidation pneumothorax or pleural effusion  cardio mediastinal silhouette is unremarkable  visualized osseous structures of the thorax are without acute abnormality",,1.0,,,,,0.0,,,0.0,0.0,,,
"right upper lobe infiltrate consistent with pneumonia 
the heart is normal in size  the mediastinum is unremarkable  the lungs are clear  there is no pleural effusion or pneumothorax",,0.0,0.0,,0.0,,,1.0,,0.0,0.0,,,
"no acute cardiopulmonary abnormality 
the lungs are clear bilaterally  specifically no evidence of focal consolidation pneumothorax or pleural effusion  cardio mediastinal silhouette is unremarkable  visualized osseous structures of the thorax are without acute abnormality",,1.0,,,,,0.0,,,0.0,0.0,,,
"no acute cardiopulmonary findings 
the cardiomediastinal silhouette and pulmonary vasculature are within normal limits in size  the lungs are clear of focal airspace disease pneumothorax or pleural effusion  there are no acute bony findings",,0.0,,,1.0,,,,,0.0,0.0,,,
"low lung volumes with bronchovascular crowding and bibasilar atelectasis 
low lung volumes with bronchovascular crowding and bibasilar atelectasis  low lung volumes with bronchovascular crowding and bibasilar atelectasis",,,,,,,,,1.0,,,,,
"no acute cardiopulmonary abnormality 
the lungs are clear bilaterally  specifically no evidence of focal consolidation pneumothorax or pleural effusion  cardio mediastinal silhouette is unremarkable  visualized osseous structures of the thorax are without acute abnormality",,1.0,,,,,0.0,,,0.0,0.0,,,
"no acute cardiopulmonary abnormality 
the lungs are clear bilaterally  specifically no evidence of focal consolidation pneumothorax or pleural effusion  cardiomediastinal silhouette is unremarkable",,1.0,,,,,0.0,,,0.0,0.0,,,
"no acute cardiopulmonary findings 
the cardiomediastinal silhouette and pulmonary vasculature are within normal limits in size  the lungs are clear of focal airspace disease pneumothorax or pleural effusion  there are no acute bony findings",,0.0,,,1.0,,,,,0.0,0.0,,,
"no acute cardiopulmonary abnormality 
the lungs are clear bilaterally  specifically no evidence of focal consolidation pneumothorax or pleural effusion  cardio mediastinal silhouette is unremarkable  visualized osseous structures of the thorax are without acute abnormality",,1.0,,,,,0.0,,,0.0,0.0,,,
"no acute cardiopulmonary findings 
the cardiomediastinal silhouette and pulmonary vasculature are within normal limits in size  the lungs are clear of focal airspace disease pneumothorax or pleural effusion  there are no acute bony findings",,0.0,,,1.0,,,,,0.0,0.0,,,
"no acute cardiopulmonary findings 
the cardiomediastinal silhouette and pulmonary vasculature are within normal limits in size  the lungs are clear of focal airspace disease pneumothorax or pleural effusion  there are no acute bony findings",,0.0,,,1.0,,,,,0.0,0.0,,,
"no acute cardiopulmonary findings 
the cardiomediastinal silhouette and pulmonary vasculature are within normal limits in size  the lungs are clear of focal airspace disease pneumothorax or pleural effusion  there are no acute bony findings",,0.0,,,1.0,,,,,0.0,0.0,,,
"no acute pulmonary disease 
the lungs are clear  there is no pleural effusion or pneumothorax  the heart is not significantly enlarged  there are atherosclerotic changes of the aorta  arthritic changes of the skeletal structures are within normal limits",,,0.0,,,,,,,0.0,0.0,,,
"no acute cardiopulmonary findings 
the cardiomediastinal silhouette and pulmonary vasculature are within normal limits in size  the lungs are clear of focal airspace disease pneumothorax or pleural effusion  there are no acute bony findings",,0.0,,,1.0,,,,,0.0,0.0,,,
"no acute cardiopulmonary abnormality 
the lungs are clear bilaterally  specifically no evidence of focal consolidation pneumothorax or pleural effusion  cardiomediastinal silhouette is unremarkable",,1.0,,,,,0.0,,,0.0,0.0,,,
"no acute cardiopulmonary findings 
the cardiomediastinal silhouette and pulmonary vasculature are within normal limits in size  the lungs are clear of focal airspace disease pneumothorax or pleural effusion  there are no acute bony findings",,0.0,,,1.0,,,,,0.0,0.0,,,
"no acute cardiopulmonary abnormality 
the lungs are clear bilaterally  specifically no evidence of focal consolidation pneumothorax or pleural effusion  cardiomediastinal silhouette is unremarkable",,1.0,,,,,0.0,,,0.0,0.0,,,
"no acute cardiopulmonary findings 
the cardiomediastinal silhouette and pulmonary vasculature are within normal limits in size  the lungs are clear of focal airspace disease pneumothorax or pleural effusion  there are no acute bony findings",,0.0,,,1.0,,,,,0.0,0.0,,,
"no acute cardiopulmonary findings 
the cardiomediastinal silhouette and pulmonary vasculature are within normal limits in size  the lungs are clear of focal airspace disease pneumothorax or pleural effusion  there are no acute bony findings",,0.0,,,1.0,,,,,0.0,0.0,,,
"no acute cardiopulmonary findings 
the cardiomediastinal silhouette and pulmonary vasculature are within normal limits in size  the lungs are clear of focal airspace disease pneumothorax or pleural effusion  there are no acute bony findings",,0.0,,,1.0,,,,,0.0,0.0,,,
"no acute cardiopulmonary abnormality 
the lungs are clear bilaterally  specifically no evidence of focal consolidation pneumothorax or pleural effusion  cardio mediastinal silhouette is unremarkable  visualized osseous structures of the thorax are without acute abnormality",,1.0,,,,,0.0,,,0.0,0.0,,,
"no acute cardiopulmonary abnormality 
the lungs are clear bilaterally  specifically no evidence of focal consolidation pneumothorax or pleural effusion  cardio mediastinal silhouette is unremarkable  visualized osseous structures of the thoracic spine are without acute abnormality",,1.0,,,,,0.0,,,0.0,0.0,,,
"no acute cardiopulmonary abnormality 
the lungs are clear bilaterally  specifically no evidence of focal consolidation pneumothorax or pleural effusion  cardiomediastinal silhouette is unremarkable",,1.0,,,,,0.0,,,0.0,0.0,,,
"no acute cardiopulmonary abnormality 
the lungs are clear bilaterally  specifically no evidence of focal consolidation pneumothorax or pleural effusion  cardiomediastinal silhouette is unremarkable",,1.0,,,,,0.0,,,0.0,0.0,,,
"no acute cardiopulmonary findings 
the cardiomediastinal silhouette and pulmonary vasculature are within normal limits in size  the lungs are clear of focal airspace disease pneumothorax or pleural effusion  there are no acute bony findings",,0.0,,,1.0,,,,,0.0,0.0,,,
"no acute cardiopulmonary findings 
the cardiomediastinal silhouette and pulmonary vasculature are within normal limits in size  the lungs are clear of focal airspace disease pneumothorax or pleural effusion  there are no acute bony findings",,0.0,,,1.0,,,,,0.0,0.0,,,
"no acute cardiopulmonary findings 
the cardiomediastinal silhouette and pulmonary vasculature are within normal limits in size  the lungs are clear of focal airspace disease pneumothorax or pleural effusion  there are no acute bony findings",,0.0,,,1.0,,,,,0.0,0.0,,,
"no acute cardiopulmonary findings 
the cardiomediastinal silhouette and pulmonary vasculature are within normal limits in size  the lungs are clear of focal airspace disease pneumothorax or pleural effusion  there are no acute bony findings",,0.0,,,1.0,,,,,0.0,0.0,,,
"no acute cardiopulmonary abnormality 
the lungs are clear bilaterally  specifically no evidence of focal consolidation pneumothorax or pleural effusion  cardio mediastinal silhouette is unremarkable  visualized osseous structures of the thorax are without acute abnormality",,1.0,,,,,0.0,,,0.0,0.0,,,
"cardiomegaly and interstitial edema 
the cardiac silhouette is enlarged  the pulmonary vasculature is enlarged  there is no pneumothorax or pleural effusion  there are no focal areas of consolidation  there are no acute bony findings",,,1.0,,,1.0,0.0,,,0.0,0.0,,,
"no acute cardiopulmonary findings 
the cardiomediastinal silhouette and pulmonary vasculature are within normal limits in size  the lungs are clear of focal airspace disease pneumothorax or pleural effusion  there are no acute bony findings",,0.0,,,1.0,,,,,0.0,0.0,,,
"no acute cardiopulmonary abnormality 
the lungs are clear bilaterally  specifically no evidence of focal consolidation pneumothorax or pleural effusion  cardio mediastinal silhouette is unremarkable  visualized osseous structures of the thorax are without acute abnormality",,1.0,,,,,0.0,,,0.0,0.0,,,
"no acute cardiopulmonary findings 
the cardiomediastinal silhouette and pulmonary vasculature are within normal limits in size  the lungs are clear of focal airspace disease pneumothorax or pleural effusion  there are no acute bony findings",,0.0,,,1.0,,,,,0.0,0.0,,,
"no acute cardiopulmonary findings 
the cardiomediastinal silhouette and pulmonary vasculature are within normal limits in size  the lungs are clear of focal airspace disease pneumothorax or pleural effusion  there are no acute bony findings",,0.0,,,1.0,,,,,0.0,0.0,,,
"no acute cardiopulmonary abnormality 
the lungs are clear bilaterally  specifically no evidence of focal consolidation pneumothorax or pleural effusion  cardio mediastinal silhouette is unremarkable  visualized osseous structures of the thorax are without acute abnormality",,1.0,,,,,0.0,,,0.0,0.0,,,
"no acute cardiopulmonary findings 
the cardiomediastinal silhouette and pulmonary vasculature are within normal limits in size  the lungs are clear of focal airspace disease pneumothorax or pleural effusion  there are no acute bony findings",,0.0,,,1.0,,,,,0.0,0.0,,,
"no acute cardiopulmonary abnormality 
the lungs are clear bilaterally  specifically no evidence of focal consolidation pneumothorax or pleural effusion  cardio mediastinal silhouette is unremarkable  visualized osseous structures of the thoracic spine are without acute abnormality",,1.0,,,,,0.0,,,0.0,0.0,,,
"no acute cardiopulmonary abnormality 
the lungs are clear bilaterally  specifically no evidence of focal consolidation pneumothorax or pleural effusion  cardiomediastinal silhouette is unremarkable",,1.0,,,,,0.0,,,0.0,0.0,,,
"no acute cardiopulmonary abnormality 
the lungs are clear bilaterally  specifically no evidence of focal consolidation pneumothorax or pleural effusion  cardiomediastinal silhouette is unremarkable",,1.0,,,,,0.0,,,0.0,0.0,,,
"no acute cardiopulmonary findings 
the cardiomediastinal silhouette and pulmonary vasculature are within normal limits in size  the lungs are clear of focal airspace disease pneumothorax or pleural effusion  there are no acute bony findings",,0.0,,,1.0,,,,,0.0,0.0,,,
"no acute cardiopulmonary abnormality 
the lungs are clear bilaterally  specifically no evidence of focal consolidation pneumothorax or pleural effusion  cardio mediastinal silhouette is unremarkable  visualized osseous structures of the thorax are without acute abnormality",,1.0,,,,,0.0,,,0.0,0.0,,,
"no acute cardiopulmonary abnormality 
the lungs are clear bilaterally  specifically no evidence of focal consolidation pneumothorax or pleural effusion  cardiomediastinal silhouette is unremarkable",,1.0,,,,,0.0,,,0.0,0.0,,,
"no acute cardiopulmonary abnormality 
the lungs are clear bilaterally  specifically no evidence of focal consolidation pneumothorax or pleural effusion  cardio mediastinal silhouette is unremarkable  visualized osseous structures of the thorax are without acute abnormality",,1.0,,,,,0.0,,,0.0,0.0,,,
"no acute cardiopulmonary findings 
the cardiomediastinal silhouette and pulmonary vasculature are within normal limits in size  the lungs are clear of focal airspace disease pneumothorax or pleural effusion  there are no acute bony findings",,0.0,,,1.0,,,,,0.0,0.0,,,
"no acute cardiopulmonary findings 
the cardiomediastinal silhouette and pulmonary vasculature are within normal limits in size  the lungs are clear of focal airspace disease pneumothorax or pleural effusion  there are no acute bony findings",,0.0,,,1.0,,,,,0.0,0.0,,,
"no acute cardiopulmonary findings 
the cardiomediastinal silhouette and pulmonary vasculature are within normal limits in size  the lungs are clear of focal airspace disease pneumothorax or pleural effusion  there are no acute bony findings",,0.0,,,1.0,,,,,0.0,0.0,,,
"no acute cardiopulmonary abnormality 
the lungs are clear bilaterally  specifically no evidence of focal consolidation pneumothorax or pleural effusion  cardiomediastinal silhouette is unremarkable",,1.0,,,,,0.0,,,0.0,0.0,,,
"no acute cardiopulmonary abnormality 
the lungs are clear bilaterally  specifically no evidence of focal consolidation pneumothorax or pleural effusion  cardio mediastinal silhouette is unremarkable  visualized osseous structures of the thoracic spine are without acute abnormality",,1.0,,,,,0.0,,,0.0,0.0,,,
"no acute cardiopulmonary findings 
the cardiomediastinal silhouette and pulmonary vasculature are within normal limits in size  the lungs are clear of focal airspace disease pneumothorax or pleural effusion  there are no acute bony findings",,0.0,,,1.0,,,,,0.0,0.0,,,
"no acute cardiopulmonary findings 
the cardiomediastinal silhouette and pulmonary vasculature are within normal limits in size  the lungs are clear of focal airspace disease pneumothorax or pleural effusion  there are no acute bony findings",,0.0,,,1.0,,,,,0.0,0.0,,,
"no acute cardiopulmonary abnormality 
the lungs are clear bilaterally  specifically no evidence of focal consolidation pneumothorax or pleural effusion  cardio mediastinal silhouette is unremarkable  visualized osseous structures of the thoracic spine are without acute abnormality",,1.0,,,,,0.0,,,0.0,0.0,,,
"no acute cardiopulmonary abnormality 
the lungs are clear bilaterally  specifically no evidence of focal consolidation pneumothorax or pleural effusion  cardio mediastinal silhouette is unremarkable  visualized osseous structures of the thoracic spine are without acute abnormality",,1.0,,,,,0.0,,,0.0,0.0,,,
"no acute cardiopulmonary findings 
the cardiomediastinal silhouette and pulmonary vasculature are within normal limits in size  the lungs are clear of focal airspace disease pneumothorax or pleural effusion  there are no acute bony findings",,0.0,,,1.0,,,,,0.0,0.0,,,
"no acute cardiopulmonary abnormality 
the lungs are clear bilaterally  specifically no evidence of focal consolidation pneumothorax or pleural effusion  cardio mediastinal silhouette is unremarkable  visualized osseous structures of the thorax are without acute abnormality",,1.0,,,,,0.0,,,0.0,0.0,,,
"no acute cardiopulmonary findings 
the cardiomediastinal silhouette and pulmonary vasculature are within normal limits in size  the lungs are clear of focal airspace disease pneumothorax or pleural effusion  there are no acute bony findings",,0.0,,,1.0,,,,,0.0,0.0,,,
"no acute cardiopulmonary abnormality 
the lungs are clear bilaterally  specifically no evidence of focal consolidation pneumothorax or pleural effusion  cardiomediastinal silhouette is unremarkable",,1.0,,,,,0.0,,,0.0,0.0,,,
"no acute cardiopulmonary findings 
the cardiomediastinal silhouette and pulmonary vasculature are within normal limits in size  the lungs are clear of focal airspace disease pneumothorax or pleural effusion  there are no acute bony findings",,0.0,,,1.0,,,,,0.0,0.0,,,
"no acute cardiopulmonary findings 
the cardiomediastinal silhouette and pulmonary vasculature are within normal limits in size  the lungs are clear of focal airspace disease pneumothorax or pleural effusion  there are no acute bony findings",,0.0,,,1.0,,,,,0.0,0.0,,,
"no acute cardiopulmonary abnormality 
the lungs are clear bilaterally  specifically no evidence of focal consolidation pneumothorax or pleural effusion  cardiomediastinal silhouette is unremarkable",,1.0,,,,,0.0,,,0.0,0.0,,,
"no acute cardiopulmonary findings 
the cardiomediastinal silhouette and pulmonary vasculature are within normal limits in size  the lungs are clear of focal airspace disease pneumothorax or pleural effusion  there are no acute bony findings",,0.0,,,1.0,,,,,0.0,0.0,,,
"no acute cardiopulmonary abnormality 
the lungs are clear bilaterally  specifically no evidence of focal consolidation pneumothorax or pleural effusion  cardiomediastinal silhouette is unremarkable",,1.0,,,,,0.0,,,0.0,0.0,,,
"no acute cardiopulmonary findings 
the cardiomediastinal silhouette and pulmonary vasculature are within normal limits in size  the lungs are clear of focal airspace disease pneumothorax or pleural effusion  there are no acute bony findings",,0.0,,,1.0,,,,,0.0,0.0,,,
"no acute cardiopulmonary findings 
the cardiomediastinal silhouette and pulmonary vasculature are within normal limits in size  the lungs are clear of focal airspace disease pneumothorax or pleural effusion  there are no acute bony findings",,0.0,,,1.0,,,,,0.0,0.0,,,
"no acute cardiopulmonary abnormality 
the lungs are clear bilaterally  specifically no evidence of focal consolidation pneumothorax or pleural effusion  cardiomediastinal silhouette is unremarkable",,1.0,,,,,0.0,,,0.0,0.0,,,
"no acute cardiopulmonary findings 
the cardiomediastinal silhouette and pulmonary vasculature are within normal limits in size  the lungs are clear of focal airspace disease pneumothorax or pleural effusion  there are no acute bony findings",,0.0,,,1.0,,,,,0.0,0.0,,,
"no acute cardiopulmonary findings 
the cardiomediastinal silhouette and pulmonary vasculature are within normal limits in size  the lungs are clear of focal airspace disease pneumothorax or pleural effusion  there are no acute bony findings",,0.0,,,1.0,,,,,0.0,0.0,,,
"no acute cardiopulmonary findings 
the cardiomediastinal silhouette and pulmonary vasculature are within normal limits in size  the lungs are clear of focal airspace disease pneumothorax or pleural effusion  there are no acute bony findings",,0.0,,,1.0,,,,,0.0,0.0,,,
"no acute cardiopulmonary abnormality 
the lungs are clear bilaterally  specifically no evidence of focal consolidation pneumothorax or pleural effusion  cardiomediastinal silhouette is unremarkable",,1.0,,,,,0.0,,,0.0,0.0,,,
"no acute cardiopulmonary abnormality 
the lungs are clear bilaterally  specifically no evidence of focal consolidation pneumothorax or pleural effusion  cardio mediastinal silhouette is unremarkable  visualized osseous structures of the thorax are without acute abnormality",,1.0,,,,,0.0,,,0.0,0.0,,,
"no acute pulmonary disease 
the lungs are clear  there is no pleural effusion or pneumothorax  the heart is not significantly enlarged  there are atherosclerotic changes of the aorta  arthritic changes of the skeletal structures are within normal limits",,,0.0,,,,,,,0.0,0.0,,,
"no acute cardiopulmonary findings 
the cardiomediastinal silhouette and pulmonary vasculature are within normal limits in size  the lungs are clear of focal airspace disease pneumothorax or pleural effusion  there are no acute bony findings",,0.0,,,1.0,,,,,0.0,0.0,,,
"no acute cardiopulmonary abnormality 
the lungs are clear bilaterally  specifically no evidence of focal consolidation pneumothorax or pleural effusion  cardiomediastinal silhouette is unremarkable",,1.0,,,,,0.0,,,0.0,0.0,,,
"no acute cardiopulmonary findings 
the cardiomediastinal silhouette and pulmonary vasculature are within normal limits in size  the lungs are clear of focal airspace disease pneumothorax or pleural effusion  there are no acute bony findings",,0.0,,,1.0,,,,,0.0,0.0,,,
the heart is normal in size  the mediastinum is unremarkable  the lungs are grossly clear  there is no pleural effusion or pneumothorax,1.0,0.0,0.0,,,,,,,0.0,0.0,,,
"no acute cardiopulmonary findings 
the cardiomediastinal silhouette and pulmonary vasculature are within normal limits in size  the lungs are clear of focal airspace disease pneumothorax or pleural effusion  there are no acute bony findings",,0.0,,,1.0,,,,,0.0,0.0,,,
"no acute cardiopulmonary abnormality 
the lungs are clear bilaterally  specifically no evidence of focal consolidation pneumothorax or pleural effusion  cardiomediastinal silhouette is unremarkable",,1.0,,,,,0.0,,,0.0,0.0,,,
"no acute cardiopulmonary findings 
the cardiomediastinal silhouette and pulmonary vasculature are within normal limits in size  the lungs are clear of focal airspace disease pneumothorax or pleural effusion  there are no acute bony findings",,0.0,,,1.0,,,,,0.0,0.0,,,
"no acute cardiopulmonary abnormality 
the lungs are clear bilaterally  specifically no evidence of focal consolidation pneumothorax or pleural effusion  cardiomediastinal silhouette is unremarkable",,1.0,,,,,0.0,,,0.0,0.0,,,
"no acute cardiopulmonary abnormality 
the lungs are clear bilaterally  specifically no evidence of focal consolidation pneumothorax or pleural effusion  cardiomediastinal silhouette is unremarkable",,1.0,,,,,0.0,,,0.0,0.0,,,
"no acute cardiopulmonary findings 
the cardiomediastinal silhouette and pulmonary vasculature are within normal limits in size  the lungs are clear of focal airspace disease pneumothorax or pleural effusion  there are no acute bony findings",,0.0,,,1.0,,,,,0.0,0.0,,,
"no acute cardiopulmonary abnormality 
the lungs are clear bilaterally  specifically no evidence of focal consolidation pneumothorax or pleural effusion  cardio mediastinal silhouette is unremarkable  visualized osseous structures of the thoracic spine are without acute abnormality",,1.0,,,,,0.0,,,0.0,0.0,,,
"no acute cardiopulmonary abnormality 
the lungs are clear bilaterally  specifically no evidence of focal consolidation pneumothorax or pleural effusion  cardio mediastinal silhouette is unremarkable  visualized osseous structures of the thorax are without acute abnormality",,1.0,,,,,0.0,,,0.0,0.0,,,
"no acute cardiopulmonary findings 
the cardiomediastinal silhouette and pulmonary vasculature are within normal limits in size  the lungs are clear of focal airspace disease pneumothorax or pleural effusion  there are no acute bony findings",,0.0,,,1.0,,,,,0.0,0.0,,,
"no acute cardiopulmonary abnormality 
the lungs are clear bilaterally  specifically no evidence of focal consolidation pneumothorax or pleural effusion  cardiomediastinal silhouette is unremarkable",,1.0,,,,,0.0,,,0.0,0.0,,,
"no acute cardiopulmonary abnormality 
the lungs are clear bilaterally  specifically no evidence of focal consolidation pneumothorax or pleural effusion  cardiomediastinal silhouette is unremarkable",,1.0,,,,,0.0,,,0.0,0.0,,,
"no acute cardiopulmonary findings 
the cardiomediastinal silhouette and pulmonary vasculature are within normal limits in size  the lungs are clear of focal airspace disease pneumothorax or pleural effusion  there are no acute bony findings",,0.0,,,1.0,,,,,0.0,0.0,,,
"no acute cardiopulmonary findings 
the cardiomediastinal silhouette and pulmonary vasculature are within normal limits in size  the lungs are clear of focal airspace disease pneumothorax or pleural effusion  there are no acute bony findings",,0.0,,,1.0,,,,,0.0,0.0,,,
"no acute cardiopulmonary abnormality 
the lungs are clear bilaterally  specifically no evidence of focal consolidation pneumothorax or pleural effusion  cardio mediastinal silhouette is unremarkable  visualized osseous structures of the thorax are without acute abnormality",,1.0,,,,,0.0,,,0.0,0.0,,,
